35 0.25979592365265586 0.24718692404694925 0.03107761634682617 0.042438645843437754
35 0.3277782094113381 0.24779319041614126 0.03237251702794402 0.029100785721214488
35 0.2623857250148914 0.3569211368706955 0.03107761634682617 0.03880104762828594
35 0.32551213321938205 0.3581336696090795 0.029135265325149554 0.043651178581821735
35 0.4456141713930542 0.5333446503055583 0.028487814984590697 0.030313318459598382
35 0.44529044622277464 0.6976428363565816 0.025250563281796323 0.038801047628285984
35 0.4459378965633336 0.8607284896692211 0.025250563281796232 0.044863711320205626
25 0.2921684406805998 0.24597439130856533 0.028487814984590652 0.042438645843437796
25 0.29443451687255584 0.3587399359782715 0.023955662600678475 0.040013580366669965
37 0.5346385932199 0.4029973809292851 0.03431486804962059 0.038801047628285984
43 0.5346385932198999 0.3690464642545349 0.021365861238443 0.024250654767678823
1 0.770310517183332 0.6364099330681928 0.25444798383963946 0.5662527888252983
