3 0.4355716747021095 0.2771658393420051 0.036195688369601554 0.025363237798470974
37 0.269071508201943 0.4438385448748142 0.047778308647873906 0.030194330712465446
37 0.38344988344988346 0.4842989480295179 0.056465273856578166 0.048310929139944635
37 0.447878208747774 0.4861106078722658 0.04633048111308963 0.04710315591144603
37 0.39213684865858783 0.6467444472625818 0.041986998508737494 0.03985651654045439
37 0.22563668215842134 0.6455366740340833 0.05067396371744199 0.044687609454448815
37 0.17496271844097933 0.7324963464859837 0.047778308647873906 0.03744097008345718
37 0.34291071247592986 0.7294769134147372 0.0448826535783057 0.03864874331195579
37 0.38851727982162765 0.8544814425643441 0.05212179125222603 0.04227206299745161
37 0.22129319955406915 0.8532736693358454 0.0535696187870102 0.039856516540454294
37 0.2994758864324082 0.8822602268198123 0.06225658399571446 0.030194330712465543
25 0.22491276839102925 0.5905829921373962 0.057913101391362326 0.048310929139944635
25 0.4008238138672922 0.5923946519801441 0.056465273856578166 0.05434979528243777
43 0.27051933573672704 0.7324963464859837 0.05067396371744199 0.04227206299745161
43 0.4428108123760297 0.7367235527857289 0.05936092892614625 0.04831092913994473
