27 0.2686723268118617 0.07156308851224102 0.059062384643780046 0.060532687651331706
37 0.5719822812846069 0.1731234866828087 0.07259751445797963 0.067258541834813
3 0.6402731635289775 0.2975517890772128 0.03691399040236256 0.030938929244013987
37 0.5178417620278086 0.4670433145009416 0.03814445674910787 0.03631961259079886
37 0.5947459086993971 0.5067258541834813 0.049218653869816574 0.04573580844767286
37 0.6605758582502769 0.5060532687651331 0.055370985603543664 0.05246166263115418
25 0.6255075673680325 0.6096314231907453 0.05167958656330737 0.04977132095776168
37 0.6248923341946598 0.6620930858218994 0.045527254829580456 0.04170029593758403
37 0.780546327057955 0.6647834274952918 0.039374923095853366 0.04170029593758403
37 0.5818260120585703 0.7421307506053268 0.04306632213608966 0.0376647834274954
37 0.7436323366555925 0.7414581651869786 0.03445305770887176 0.03631961259079906
37 0.6144333702473237 0.8517621737960721 0.05660145195028916 0.03631961259079906
37 0.7774701611910915 0.8557976863061609 0.04306632213608966 0.03900995426419154
25 0.7817767934047004 0.6103040086090933 0.05167958656330755 0.056497175141242806
43 0.6593453919035315 0.7475114339521118 0.045527254829580456 0.04035512510088789
43 0.816229851113572 0.7461662631154157 0.041835855789344165 0.04035512510088769
