35 0.3577609198127185 0.2976246571701282 0.08692388233667203 0.044703807072867204
35 0.6580434224303129 0.3060821341839139 0.08692388233667203 0.049536651080744766
35 0.3794918903968867 0.556785917092561 0.07902171121515651 0.04591201807483652
35 0.5306209130958732 0.5247683255403723 0.07309508287401971 0.030205275049234655
35 0.23922835298998407 0.6129677286841374 0.07507062565439843 0.03745454106105085
35 0.6758233074537231 0.5555777060905916 0.07111954009364067 0.03866275206302032
35 0.8259645587625202 0.24929621709135286 0.05926628341136738 0.02778885304529587
12 0.3755408048361287 0.4220703903729747 0.06321736897212514 0.018123165029540745
12 0.677798850234102 0.4238827068759288 0.047413026729093775 0.014498532023632596
1 0.5128410280724631 0.17559534597122042 0.5432742646042 0.19693839332100962
