4 0.5108506944444444 0.10446859903381643 0.015500992063492092 0.027777777777777776
4 0.5294518849206349 0.10144927536231885 0.012400793650793749 0.028985507246376822
4 0.5120132688492064 0.19685990338164255 0.013175843253968238 0.019323671497584523
4 0.5290643601190476 0.19685990338164255 0.013175843253968367 0.026570048309178758
4 0.5046502976190476 0.28804347826086957 0.012400793650793622 0.020531400966183555
4 0.5267392113095238 0.2844202898550725 0.01007564484126977 0.022946859903381616
4 0.503875248015873 0.4033816425120773 0.015500992063492092 0.026570048309178734
4 0.5236390128968255 0.39975845410628025 0.010075644841269897 0.028985507246376795
4 0.5112382192460317 0.5006038647342995 0.011625744047619005 0.020531400966183555
4 0.5670417906746031 0.4710144927536233 0.011625744047619069 0.026570048309178734
4 0.5840928819444445 0.46920289855072467 0.013175843253968112 0.022946859903381665
4 0.5302269345238095 0.5 0.0170510912698412 0.02415458937198072
4 0.5612289186507936 0.5422705314009661 0.010850694444444387 0.024154589371980624
4 0.5778924851190476 0.5434782608695652 0.011625744047619131 0.026570048309178734
4 0.5100756448412698 0.588768115942029 0.017051091269841324 0.020531400966183555
4 0.5290643601190476 0.5857487922705314 0.010075644841269897 0.016908212560386486
4 0.5581287202380952 0.6304347826086957 0.013950892857142856 0.02415458937198072
4 0.5740172371031745 0.6280193236714977 0.011625744047619069 0.021739130434782608
4 0.5596788194444444 0.2433574879227053 0.010850694444444387 0.01811594202898549
4 0.5778924851190477 0.24275362318840582 0.01317584325396843 0.026570048309178734
4 0.5670417906746031 0.3460144927536232 0.011625744047619069 0.025362318840579677
4 0.5856429811507936 0.3454106280193237 0.014725942460317347 0.026570048309178734
4 0.5627790178571429 0.1557971014492754 0.012400793650793622 0.026570048309178758
4 0.5786675347222222 0.1570048309178744 0.013175843253968367 0.026570048309178758
