4 0.5039057075406194 0.11825111672169354 0.014754895153450973 0.027918042338318114
4 0.5234342452437161 0.11885803068557003 0.012151090126371345 0.029131870266071083
4 0.5611894181363699 0.17165954554282384 0.016490765171503958 0.027918042338318128
4 0.5772462158033606 0.17044571761507088 0.012151090126371345 0.023062730627306273
4 0.5021698375225663 0.20928821130316563 0.018226635189557094 0.027918042338318128
4 0.5256040827662825 0.21050203923091862 0.014754895153450973 0.032773354049329954
4 0.5616233856408832 0.26208972616041953 0.01735870018053045 0.02913187026607112
4 0.5802839883349534 0.26330355408817246 0.016490765171503958 0.026704214410565183
4 0.49349048743230106 0.31185667119829097 0.013019025135397837 0.021848902699553356
4 0.5203964727121233 0.31246358516216743 0.01822663518955694 0.020635074771800384
4 0.5698687682266351 0.373761895513692 0.011283155117344852 0.02427655855505919
4 0.5880954034161922 0.3761895513691979 0.011283155117344852 0.026704214410565183
4 0.49739619497292037 0.438094775684599 0.015622830162477465 0.026704214410565183
4 0.5212644077211498 0.43384637793746356 0.014754895153450973 0.02549038648281216
4 0.5703027357311484 0.49939308603612353 0.01388696014442448 0.023062730627306273
4 0.5880954034161922 0.4957516022528647 0.013019025135397837 0.027918042338318152
4 0.5034717400361061 0.530345698193824 0.01735870018053045 0.021848902699553356
4 0.5256040827662825 0.530345698193824 0.011283155117344703 0.02427655855505919
4 0.562925288154423 0.5837541270149544 0.013019025135397837 0.02670421441056513
4 0.5854915983891127 0.5843610409788309 0.016490765171503958 0.030345698193824093
4 0.5021698375225663 0.6238104486308022 0.021698375225663064 0.03155952612157701
4 0.5238682127482295 0.6213827927752962 0.016490765171503958 0.03155952612157701
4 0.5603214831273434 0.6760050495241795 0.014754895153450822 0.024276558555059294
4 0.5802839883349534 0.6741843076325501 0.016490765171503958 0.027918042338318152
