27 0.32436968230426977 0.17670322204968947 0.043489412000847494 0.0667216614906832
27 0.3985247053313559 0.18094914596273295 0.046834751385528055 0.06065605590062112
27 0.3935066962543351 0.33744177018633537 0.041259185744393786 0.06065605590062112
0 0.35782307615107556 0.3883928571428571 0.02118714943631042 0.026688664596273337
0 0.5239749322568775 0.47149165372670804 0.032338280718578756 0.04731172360248448
0 0.4503774657939048 0.6097874611801242 0.034568506975032665 0.030328027950310532
27 0.6438495935412647 0.6128202639751553 0.03345339384680581 0.048524844720496896
27 0.5607736654883638 0.6097874611801243 0.030108054462125045 0.04973796583850931
27 0.39406425281844853 0.5733938276397517 0.05129520389843547 0.06429541925465843
27 0.6031479643609844 0.9712975543478262 0.034568506975032665 0.0279017857142857
25 0.5607736654883637 0.968264751552795 0.043489412000847494 0.03639363354037273
29 0.51951447974397 0.9670516304347826 0.03679873323148617 0.04609860248447206
29 0.5139389141028357 0.6443614130434783 0.03233828071857896 0.03154114906832306
