27 0.5877594627594627 0.19830516705516713 0.053418803418803604 0.059489121989121985
27 0.6666157916157917 0.20316142191142195 0.05850630850630842 0.06434537684537685
27 0.5903032153032153 0.3530982905982907 0.05850630850630865 0.058275058275058286
0 0.6354548229548229 0.3980186480186481 0.03942816442816429 0.026709401709401736
0 0.4472171347171347 0.4823960761460762 0.034340659340659475 0.030351592851592845
0 0.5279812779812779 0.6195852758352759 0.03815628815628826 0.0303515928515929
29 0.4548483923483923 0.6475087412587412 0.03942816442816452 0.037635975135975115
27 0.3104904354904354 0.6110868298368299 0.038156288156288146 0.04249222999222993
27 0.4014295889295889 0.614729020979021 0.03942816442816452 0.037635975135975226
27 0.5877594627594627 0.5770930458430459 0.048331298331298116 0.06677350427350431
29 0.448489010989011 0.9601301476301476 0.034340659340659475 0.03642191142191142
25 0.402065527065527 0.9655934343434345 0.05087505087505086 0.04249222999223004
27 0.3562779812779813 0.962558275058275 0.030525030525030472 0.041278166278166224
