1 0.19517514102390135 0.19994411914769553 0.12115455444201062 0.11905051143127869
27 0.5659080776164538 0.29409120726937 0.04458487603465993 0.05952525571563936
27 0.6163083722643301 0.2922690055637892 0.034892511679299125 0.055880852304477736
27 0.7335859809641964 0.6518501421317331 0.023261674452866025 0.034014431837508186
27 0.7931940217496656 0.6500279404261523 0.024230910888402176 0.04008843752277748
27 0.6129160447399539 0.6239097159794942 0.035861748114835015 0.05345125003037001
27 0.6177622269176343 0.4258971306397143 0.03780022098590732 0.058310454578585524
0 0.5823850970205672 0.46112636361427634 0.029077093066082575 0.031584829563400516
29 0.7045088878981137 0.6816127699895527 0.025200147323938153 0.03279963070045435
0 0.6512008839436292 0.6585315483855294 0.0193847287107216 0.03279963070045435
29 0.7016011785915056 0.9555504263951992 0.027138620195010277 0.034014431837508186
27 0.7621784558125109 0.9585874292378338 0.02423091088840209 0.023081221604023334
25 0.7331013627464283 0.9573726281007799 0.022292438017329965 0.03279963070045435
