27 0.5696557787245552 0.2988390833848354 0.06086427267194155 0.06543788853746323
27 0.6433691756272399 0.2952036451327541 0.05410157570839254 0.05816701203330063
27 0.5703320484209101 0.4315325795858024 0.040576181781294525 0.047260697277056764
27 0.5716845878136199 0.6314816834502732 0.04057618178129428 0.04968432277844432
27 0.3133495638060457 0.6635947213436579 0.04057618178129441 0.033930757019425245
27 0.3999120849394738 0.6648065340943515 0.03516602421045523 0.03150713151803781
29 0.45266112125515634 0.6896486954835738 0.02975586663961592 0.018177191260406508
0 0.5155542030161628 0.6623829085929641 0.03381348481774528 0.02423625501387527
0 0.6224048150402379 0.46970468123265596 0.03381348481774528 0.026659880515262763
27 0.3579833637654695 0.9665479090170986 0.03246094542503533 0.03150713151803781
25 0.3958544667613443 0.9671538153924454 0.03516602421045498 0.030295318767344145
29 0.441840806113478 0.9659420026417518 0.03516602421045523 0.032718944268731585
0 0.43845945763170346 0.5502902291537911 0.04192872117400423 0.027871693265956593
