27 0.3622706077015644 0.8509564527503526 0.012221720818291216 0.022038081805359662
27 0.23394253910950666 0.7347055712270804 0.026323706377858004 0.01873236953455571
27 0.425259476534296 0.6068846967559943 0.015982250300842358 0.02534379407616361
27 0.7167005114320096 0.6052318406205923 0.015982250300842358 0.022038081805359662
30 0.20526850180505418 0.7710684062059239 0.01786251504211793 0.03415902679830748
30 0.23253234055355 0.8443450282087447 0.0197427797833935 0.03305712270803949
30 0.27859882671480146 0.8443450282087447 0.021623044524669073 0.02864950634696756
30 0.3232551143200963 0.8432431241184767 0.02256317689530686 0.02864950634696756
0 0.1516809566787004 0.7253393864598026 0.05170728038507822 0.059502820874471084
1 0.15121089049338152 0.7269922425952045 0.06392900120336943 0.07162376586741889
47 0.3415876955475331 0.951229724964739 0.03666516245487365 0.03746473906911142
47 0.9098977135980746 0.951229724964739 0.031964500601684716 0.03305712270803949
4 0.381543321299639 0.8123898095909732 0.02256317689530686 0.01763046544428773
