0 0.5691909670691104 0.16998693126283537 0.10228229914564181 0.05271423394137738
9 0.690525851349725 0.18755834257662785 0.08022141109462098 0.02416069055646461
36 0.32451566323051595 0.5098839188640083 0.07821587581725559 0.06259815280538565
27 0.3044603104568608 0.4346563141768343 0.03409409971521394 0.04392852828448119
0 0.3385544101720747 0.35448675005765623 0.05414945248886937 0.02635711697068869
0 0.0908708034174319 0.4780357358577594 0.05214391721150397 0.02745533017780071
9 0.6875175484336766 0.8239728960980485 0.062171593598331444 0.029651756592024823
27 0.5270747262444344 0.8706469574003097 0.07821587581725559 0.02635711697068869
37 0.4739280413942479 0.5312990764026928 0.09626569331354538 0.02635711697068869
37 0.6915286189884078 0.7432542253753142 0.03810517026994498 0.041732101870257145
0 0.6474068428863661 0.7438033319788703 0.042116240824676014 0.020866050935128506
37 0.6905258513497249 0.3138528613945112 0.044121776102041654 0.048321381112929315
0 0.6443985399703178 0.3122055415838431 0.040110705547310374 0.027455330177800778
