47 0.04988713318284424 0.3718232044198895 0.031602708803611705 0.03646408839779014
47 0.2372460496613995 0.929281767955801 0.03611738148984198 0.03535911602209948
47 0.8011286681715575 0.9281767955801105 0.038826185101580236 0.030939226519336983
27 0.3153498871331828 0.832596685082873 0.015349887133182805 0.027624309392265192
27 0.19661399548532732 0.7171270718232045 0.021670428893905178 0.013259668508287324
27 0.37494356659142214 0.5928176795580111 0.011738148984198619 0.027624309392265192
30 0.17042889390519186 0.752486187845304 0.019864559819413118 0.03314917127071823
30 0.19480812641083523 0.8248618784530387 0.016252821670428866 0.02983425414364644
30 0.23724604966139956 0.8276243093922652 0.01986455981941305 0.030939226519336983
30 0.2792325056433409 0.8265193370165747 0.02257336343115124 0.028729281767955896
27 0.6485327313769751 0.5933701657458563 0.015349887133182997 0.02651933701657465
0 0.11896162528216704 0.7088397790055249 0.04875846501128667 0.06077348066298342
1 0.11851015801354405 0.7082872928176794 0.06230248306997741 0.0751381215469613
4 0.33431151241534984 0.794475138121547 0.01896162528216699 0.0243093922651934
