47 0.03813410566965075 0.4371693121693122 0.021209993563864018 0.029761904761904764
47 0.1697823415832895 0.029872134038800728 0.019747235387045814 0.028659611992945328
47 0.5650927388684103 0.029872134038800728 0.021941372652273076 0.0308641975308642
47 0.865689544204552 0.028218694885361578 0.021941372652273167 0.029761904761904764
47 0.17014803112749405 0.9442239858906526 0.023404130829091326 0.029761904761904764
47 0.5654584284126148 0.9447751322751323 0.02413550991750043 0.03086419753086413
47 0.8653238546603476 0.9453262786596122 0.02413550991750052 0.03196649029982363
1 0.10724942952431107 0.6669973544973546 0.03656895442045519 0.05291005291005293
0 0.10688373998010656 0.6664462081128748 0.037300333508864296 0.056216931216931165
27 0.16137148206658483 0.6703042328042329 0.014627581768182095 0.013227513227513199
30 0.14272131531215265 0.7000661375661377 0.013896202679772993 0.028659611992945398
30 0.16027441343397114 0.7628968253968254 0.012433444502954744 0.02425044091710753
30 0.19062664560294898 0.761794532627866 0.011702065414545685 0.019841269841269934
30 0.21878474050669947 0.7628968253968254 0.012433444502954744 0.026455026455026533
27 0.2447486981452227 0.7684082892416226 0.01023930723772748 0.024250440917107666
27 0.2879000643613598 0.5628306878306879 0.00731379088409107 0.023148148148148164
27 0.47988707506874967 0.5633818342151676 0.010970686326136583 0.0242504409171076
27 0.5683839447662513 0.7391975308641975 0.016821719033409403 0.016534391534391565
30 0.6031244514656837 0.6989638447971781 0.010239307237727436 0.02425044091710753
30 0.6214089286759112 0.761794532627866 0.01170206541454573 0.024250440917107666
30 0.6513954713006846 0.7628968253968254 0.01170206541454573 0.026455026455026533
30 0.6810163243812534 0.7634479717813052 0.012433444502954787 0.0275573192239859
27 0.706614592475572 0.7700617283950618 0.009507928149318468 0.0209435626102293
27 0.623237376396934 0.6708553791887125 0.015358960856591199 0.012125220458553833
0 0.5683839447662513 0.6664462081128748 0.03583757533204616 0.05401234567901243
1 0.5672868761336376 0.665895061728395 0.04680826165818274 0.06613756613756613
27 0.7490345796032999 0.5628306878306879 0.008045169972500172 0.025352733686067032
27 0.9402902112222807 0.5639329805996474 0.00877654906090941 0.029761904761904764
