3 0.2845479959402433 0.09270048919914256 0.03917309164722849 0.03957566096850436
3 0.5365021990349175 0.09325015115703846 0.03739249657235452 0.045072280547463296
9 0.8187265184024501 0.4010608475787391 0.04985666209647254 0.04287363271587974
36 0.6566923665889141 0.3829220029681746 0.07834618329445699 0.07475402627384165
9 0.3317337654244049 0.40216017149453087 0.05519844732109468 0.03847633705271258
37 0.5899200512811383 0.6648985873687682 0.09081034881857523 0.023085802231627574
37 0.5899200512811382 0.2020832188204255 0.08724915866882707 0.0274830978947947
0 0.5890297537437011 0.6368658275160777 0.056979042395968654 0.02198647831583582
0 0.5881394562062642 0.17405045896773488 0.0480760670215988 0.024185126147419328
3 0.2800965082530583 0.5593634914527565 0.058759637470842854 0.03627768922112899
3 0.5400633891846656 0.5582641675369647 0.062320827620590796 0.03627768922112899
