0 0.1194759818531287 0.7281082517606414 0.042021057218672934 0.058688045355893205
1 0.11908689798999285 0.7281082517606414 0.050580902207661815 0.06754661823980157
27 0.29417463640113 0.856003897772069 0.011672515894075797 0.03321964831465648
27 0.18834382562817598 0.7369668246445498 0.021010528609336443 0.01882446737830533
27 0.34631187406133523 0.6079638570226337 0.010116180441532459 0.028790361872702296
27 0.5883220369318404 0.6096248394383665 0.014785186799162853 0.027683040262213684
30 0.16344245838748092 0.775723081011649 0.013228851346619278 0.03432696992514509
30 0.1871765740387684 0.8488063073038933 0.01556335452543438 0.032112326704168
30 0.2241395410366751 0.8482526464986491 0.01322885134661923 0.03100500509367952
30 0.2622697596239894 0.8488063073038933 0.01789785770424953 0.02989768348319091
47 0.48599298092710913 0.9545555211055499 0.02645770269323846 0.03321964831465648
47 0.8758550117892411 0.3793019444567481 0.02645770269323846 0.04318554280905344
4 0.31129432637910787 0.8166939805997253 0.011672515894075797 0.02546839704123673
