47 0.27842203354731826 0.02831232028312322 0.022088769241388813 0.030966600309665998
47 0.6677365914267963 0.029418270294182727 0.022088769241388855 0.033178500331785
47 0.27807689652792156 0.9628400796284007 0.020017947125008637 0.030966600309666054
47 0.6684268654655898 0.9628400796284006 0.026230413474149207 0.02875470028754699
47 0.9662801132049423 0.444702499447025 0.02001794712500855 0.03649635036496351
27 0.12103955270242286 0.6819287768192878 0.013805480775868025 0.01105950011059504
27 0.17315524263132465 0.7836761778367617 0.010354110581901051 0.024330900243309004
27 0.2428729205494581 0.5713337757133378 0.007593014426727411 0.024330900243309004
27 0.4257955408297094 0.570780800707808 0.010354110581901008 0.02322495023224947
30 0.10102160557741426 0.7128953771289538 0.012424932698281236 0.02875470028754699
30 0.11896873058604267 0.7781464277814641 0.012424932698281226 0.030966600309665915
30 0.1483053772347622 0.7770404777704049 0.013115206737074604 0.02875470028754699
30 0.5690274038793401 0.7775934527759345 0.00966383654310763 0.027648750276487527
30 0.5983640505280596 0.7770404777704046 0.010354110581901008 0.024330900243309004
30 0.5514254158901084 0.7140013271400131 0.008973562504314253 0.02875470028754699
27 0.6225236418858286 0.7820172528201724 0.008973562504314253 0.027648750276487527
27 0.571443363015117 0.6819287768192878 0.014495754814661446 0.013271400132713964
27 0.6922413198039622 0.5718867507188675 0.007593014426727411 0.027648750276487527
27 0.8758542141230069 0.5735456757354568 0.00897356250431434 0.026542800265427997
0 0.067888451715331 0.6786109267861092 0.033133153862083244 0.05087370050873693
1 0.0685787257541244 0.6786109267861092 0.041416442327604074 0.06193320061933197
0 0.5182922620280251 0.6780579517805794 0.03244287982328986 0.04976775049767747
1 0.5179471250086285 0.6786109267861092 0.04003589425001727 0.06193320061933197
4 0.18523503831020915 0.7527095775270957 0.012424932698281226 0.024330900243309004
4 0.6366742596810935 0.7493917274939171 0.012424932698281226 0.024330900243309004
