1 0.05247864386458636 0.22886743012422361 0.07743160208482507 0.10796777950310554
1 0.15114149168234733 0.23068711180124224 0.07326861272542592 0.10190217391304346
1 0.25438362779544743 0.23675271739130435 0.0799293957004646 0.11888586956521735
1 0.35221387774132856 0.23250679347826086 0.07909679782858474 0.1200989906832298
1 0.4858458361780428 0.23250679347826086 0.08992057016302256 0.11767274844720496
1 0.16487935656836467 0.43327833850931674 0.07077081910978635 0.10190217391304346
1 0.23273608312657157 0.4314586568322981 0.06161224251910815 0.10554153726708071
1 0.29518092351755953 0.43267177795031053 0.05994704677534848 0.1079677795031056
1 0.3576257639085475 0.43388489906832295 0.06327743826286777 0.10554153726708076
1 0.4204869032354754 0.43267177795031053 0.06577523187850733 0.10311529503105588
0 0.048731953441127074 0.23068711180124224 0.044960285081511356 0.06550854037267076
0 0.1523903884901671 0.2325067934782609 0.042462491465871846 0.0667216614906832
0 0.2518858341798079 0.23008055124223603 0.04329508933775168 0.0764266304347826
0 0.3547116713569681 0.23311335403726707 0.0474580786971509 0.08006599378881982
0 0.4866784340499227 0.22947399068322982 0.04162989359399194 0.07763975155279501
0 0.16820974805588404 0.43509802018633537 0.047458078697150866 0.06914790372670804
0 0.2289893927031123 0.43449145962732916 0.04246249146587178 0.07278726708074534
0 0.29060163522222043 0.43267177795031053 0.042462491465871846 0.06672166149068326
0 0.3547116713569681 0.4357045807453416 0.0474580786971509 0.07521350931677018
0 0.41757281068389596 0.4320652173913043 0.04496028508151143 0.07036102484472051
0 0.3938437713353205 0.7371651785714286 0.06910562336602667 0.09583656832298137
52 0.744783774332673 0.7492963897515528 0.10157694036934041 0.16377135093167705
