1 0.09400041093075819 0.23087904744547721 0.06246147524142178 0.09841443411700383
1 0.19180193137456342 0.2320940404592674 0.0641051982740908 0.09841443411700386
1 0.2826176289295254 0.23087904744547721 0.0665707828230943 0.09598444808942354
1 0.3767207725498254 0.2284490614178969 0.06574892130675983 0.09355446206184319
1 0.5045202383398397 0.23027155093858215 0.0698582288884322 0.08990948302047266
1 0.13180604068214505 0.42588542615879965 0.06739264433942885 0.08504951096531194
1 0.19385658516539964 0.4271004191725898 0.059995890692418355 0.0947694550756333
1 0.25303061434148344 0.42588542615879965 0.056708444627080315 0.09233946904805297
1 0.3138483665502363 0.4264929226656947 0.055064721594411364 0.08869449000668245
1 0.37220053420998556 0.4246704331450094 0.058352167659749335 0.099629427130794
0 0.09317854941442372 0.22784156491100177 0.04602424491473186 0.06560962274466925
0 0.19221286213273064 0.2320940404592674 0.050133552496404304 0.07168458781362012
0 0.2846722827203616 0.23330903347305756 0.04766796794740088 0.07168458781362007
0 0.3771317033079925 0.2314865439523723 0.048489829463735354 0.06560962274466925
0 0.5041093075816725 0.22844906141789686 0.04766796794740081 0.07654455986878077
0 0.13098417916581054 0.4271004191725898 0.04602424491473186 0.0728995808274102
0 0.19262379289089787 0.42588542615879965 0.04766796794740088 0.07046959479982988
0 0.25097596055064725 0.43013790170706523 0.04438052188206284 0.07411457384120039
0 0.310149989726731 0.4271004191725898 0.04273679884939389 0.0728995808274102
0 0.3717896034518184 0.4264929226656947 0.04602424491473186 0.06925460178603975
0 0.41534826381754675 0.7199137354960208 0.06246147524142178 0.0947694550756333
52 0.7519005547565234 0.7174837494684405 0.08629545921512226 0.1360792175444991
