52 0.7470788503809477 0.7376967668388755 0.0942039763994248 0.13825220112057038
0 0.3884426595269969 0.7395158747483567 0.06941345629431304 0.09095539547405954
1 0.05211793676764674 0.22774018288098183 0.07602426165567616 0.09580634989934271
1 0.15375906919860516 0.2319847680031046 0.07767696299601701 0.10672099735622981
1 0.2487893962682004 0.232591137306265 0.07271885897499467 0.10793373596255061
1 0.35662815872543674 0.22774018288098183 0.07685061232584661 0.1103592131751922
1 0.49091014262812555 0.2301656600936234 0.07767696299601701 0.11035921317519218
1 0.08682466491480328 0.43511848456183755 0.06610805361363142 0.09823182711198428
1 0.15582494587403115 0.4369375924713187 0.060323598922438715 0.10187004293094665
1 0.21656172013155503 0.43572485386499793 0.06776075495397231 0.10429552014358827
1 0.28019072173467535 0.43451211525867717 0.0644553522732907 0.10672099735622984
1 0.3442328986728808 0.4308738994397147 0.0652817029434611 0.10429552014358827
0 0.051291586097476374 0.22774018288098186 0.0479283388698828 0.07155157777292684
0 0.15417224453369033 0.22774018288098186 0.0471019881997124 0.07155157777292684
0 0.25044209760854114 0.2283465521841422 0.04462293618920122 0.08004074801717236
0 0.35745450939560713 0.23137839869994423 0.05040739088039405 0.0812534866234932
0 0.48801791528252925 0.22774018288098183 0.04544928685937174 0.07882800941085161
0 0.08971689226039964 0.43572485386499793 0.04544928685937166 0.07276431637924756
0 0.14962731584775316 0.4345121152586771 0.04131753350851968 0.07518979359188918
0 0.2144958434561291 0.4345121152586771 0.04875468954005321 0.07518979359188918
0 0.2760589683838234 0.43390574595551673 0.04462293618920122 0.07397705498556842
0 0.3409274959921992 0.4351184845618375 0.04379658551903082 0.07397705498556836
