27 0.3139311818557102 0.2363822161665828 0.016391054126903212 0.037024969639524855
0 0.3624972681576455 0.166775273244276 0.026104271387290306 0.06368294777998282
0 0.36189019207887124 0.08013684428778771 0.026104271387290306 0.06516394656556378
1 0.3624972681576455 0.08013684428778774 0.03581748864767732 0.08293593199253577
27 0.43716762584687113 0.2837741773051747 0.00910614118161284 0.03406297206836292
27 0.43838177800441946 0.35041912265631947 0.010320293339161271 0.03406297206836292
3 0.5194264345207741 0.26155919552145973 0.00849906510283866 0.031100974497200902
3 0.5950074063281611 0.26229969491425026 0.00910614118161284 0.03850596842510582
47 0.5816517325951288 0.46297503036047516 0.01639105412690314 0.037024969639524855
0 0.6280930526213544 0.40077308136607337 0.026711347466064485 0.06072095020882084
1 0.6277895145819673 0.4029945795444449 0.033389184332580604 0.08293593199253577
0 0.6620893130327092 0.40003258197328284 0.024283043150967767 0.05923995142323978
0 0.6976032636409994 0.4007730813660733 0.024890119229741874 0.05775895263765882
0 0.7346349044462251 0.40003258197328284 0.023675967072193514 0.062201948994401894
1 0.6629999271508704 0.40003258197328284 0.033389184332580604 0.08293593199253577
1 0.6985138777591607 0.39855158318770184 0.03399626041135464 0.0858979295636978
1 0.7361525946431606 0.39781108379491137 0.033996260411354784 0.08737892834927875
1 0.6280930526213544 0.3133941530167946 0.032782108253806355 0.06664494535114479
3 0.4830018697943225 0.2852551760907556 0.009713217260387092 0.02517697935487695
3 0.46145066899783876 0.4237285625425788 0.009106141181612912 0.020733982998133966
