30 0.8253754577586097 0.2194586159958389 0.012759821872886604 0.022133442524983105
33 0.8891745671230429 0.2122652471752194 0.02041571499661866 0.04537355717621541
30 0.9523356853938318 0.21779860780646515 0.01403580406017536 0.021026770398733973
30 0.8901315537635093 0.2919456402651586 0.018501741715685686 0.027666803156228898
0 0.8757767541565119 0.16523168180963024 0.030623572494927913 0.04648022930246457
0 0.9156511975092827 0.15029160810526665 0.027433617026706183 0.045373557176215426
0 0.9593535874239195 0.15029160810526665 0.02934759030763916 0.045373557176215426
1 0.9156511975092827 0.14973827204214207 0.0350895101504384 0.05976029481745444
1 0.9599915785175639 0.1486315999158929 0.03827946561865997 0.05754695056495611
3 0.38356662540990927 0.3544726153982359 0.008293884217376276 0.01992009827248484
3 0.4566166056321853 0.3356591892520002 0.007655893123731978 0.019920098272484775
3 0.4562976100853632 0.39929283651132674 0.01084584859195363 0.02102677039873394
0 0.4818172538311365 0.3351058531888757 0.027433617026706342 0.04094686867121878
27 0.32997537354378537 0.7445745399010634 0.013397812966531022 0.02324011465123227
29 0.31211162292174405 0.7467878841535616 0.015949777341108296 0.02102677039873394
42 0.29360988120605835 0.7456812120273126 0.014673795153819658 0.02102677039873394
0 0.2824450370672825 0.6864742532729826 0.02807160812035064 0.04869357355496287
10 0.2221548787178931 0.7473412202166864 0.014673795153819658 0.022133442524983175
27 0.2042911280958518 0.7440212038379388 0.015949777341108334 0.024346786777481505
3 0.18866034630156567 0.7434678677748142 0.008931875311020654 0.018813426146235747
3 0.11656735271975603 0.788288088887905 0.011483839685598008 0.01549340976748818
3 0.11656735271975603 0.7263144498179523 0.008931875311020654 0.01992009827248484
0 0.09200469561444924 0.7235477695023294 0.023605670464840304 0.04094686867121878
27 0.18291842645876666 0.950968891446531 0.022967679371195975 0.024346786777481366
1 0.9159701930561048 0.08112460021469438 0.02807160812035056 0.048693573554962864
5 0.4984050222658891 0.9105753588384368 0.021053706090262962 0.018813426146235747
42 0.4984050222658891 0.87350184260909 0.012121830779242306 0.022133442524983175
1 0.26075333988337523 0.7163544006817099 0.012759821872886684 0.01549340976748818
42 0.8575940079876484 0.22001195205896348 0.008293884217376436 0.016600081893737347
42 0.920117135164793 0.21779860780646515 0.008293884217376436 0.01438673764123905
