5 0.8418708652104816 0.4951654036283646 0.045582782028064164 0.0410940691589011
5 0.9324204457256904 0.5912530065146187 0.05174261743726202 0.03263352550853917
1 0.49384016459080216 0.14586581577770527 0.11826883985659911 0.10394382199016161
1 0.609645070283722 0.1464701403241597 0.09855736654716586 0.11482166382634132
1 0.722370058272043 0.1464701403241597 0.11210900444740117 0.12690815475542985
0 0.49445614813172195 0.14647014032415967 0.07761392615589303 0.0713102964816225
0 0.6077971196609628 0.14344851759188754 0.07268605782853486 0.07493624376034907
0 0.7205221076492837 0.1488874385099774 0.0813098274014118 0.06889299829580478
0 0.49568811521356154 0.30359452240231094 0.10225326779268445 0.0930659801539819
0 0.6102610538246418 0.30178154876294766 0.09978933362900545 0.09185733106107302
0 0.7248339924357222 0.30359452240231094 0.11210900444740117 0.0930659801539819
0 0.25237461655024584 0.33441507427148676 0.10102130071084504 0.09427462924689077
0 0.25360658363208544 0.701844398515779 0.09362949821980751 0.09669192743270846
27 0.46796885587217124 0.8511125614900226 0.04435081494622467 0.06889299829580478
6 0.4685848394130909 0.9024801479386491 0.05051065035542243 0.031424876415630125
27 0.4722807406586096 0.47945296542054955 0.045582782028064255 0.06526705101707826
6 0.46735287233125133 0.5320292009620846 0.05297458451910161 0.035050823694356824
18 0.41437828781214975 0.7930974050303975 0.06283032117381833 0.03746812188017448
18 0.41437828781214975 0.4250637562396509 0.0652942553374975 0.0410940691589011
33 0.3410762464426951 0.7550249586037685 0.05667048576462038 0.13778599659160948
33 0.3373803451971764 0.38396968708074986 0.06406228825565773 0.142620592963245
