30 0.24290835901629035 0.04122674710910023 0.027779524917709738 0.06284565108094518
30 0.2507704887099818 0.6529244176303001 0.02777952491770969 0.10474275180157512
30 0.27619137471958405 0.5670353611530083 0.024110531060653723 0.1089324618736381
30 0.32048137199404575 0.8582202111613877 0.013103549489485685 0.16339869281045752
30 0.7746503972996206 0.3345064521535111 0.024110531060653678 0.11312217194570126
30 0.7652158416671908 0.5502765208647563 0.025158815019812524 0.11731188201776442
27 0.25968090236283203 0.16482319423495903 0.013103549489485685 0.12569130216189037
27 0.21774954399647778 0.7765208647561592 0.012055265530326839 0.12569130216189037
27 0.5587039017128961 0.6906318082788673 0.012579407509906262 0.1298810122339537
27 0.6677254334654171 0.4685771744595275 0.012579407509906262 0.1215015920898274
27 0.7466088013921212 0.6864420982068041 0.008910413652850203 0.1215015920898274
0 0.7193534184539908 0.10826210826210839 0.033020944713503975 0.20529579353108784
0 0.7544709310858125 0.11664152840623443 0.026731240958550888 0.20529579353108765
0 0.524896744030023 0.11454667337020295 0.03197266075434513 0.20948550360315063
0 0.47195840409250056 0.2444276856041563 0.028827808876868585 0.25138260432378073
0 0.3464263999832275 0.25071225071225084 0.029351950856448008 0.2304340539634657
0 0.27645344570937375 0.3617395676219207 0.022538105121915453 0.1675884028825205
0 0.38652326142105375 0.2465225406401879 0.023586389081074254 0.1801575330987096
0 0.4300270457261463 0.2402379755320933 0.022538105121915408 0.1927266633148987
0 0.79351950856448 0.11035696329813988 0.020965679183177134 0.18434724317077258
1 0.3875715453802126 0.2423328305681248 0.03721408055013946 0.32260767554885206
1 0.4281925487976183 0.25071225071225084 0.03878650648887773 0.3226076755488519
1 0.7948298635134285 0.12921065862242345 0.040358932427616 0.23881347410759163
1 0.29086735014780807 0.8456510809451986 0.03773822252971883 0.2807105748282219
1 0.2785500136276915 0.37011898776604685 0.033020944713503975 0.27652086475615895
0 0.28850871123970057 0.8519356460532933 0.024634673040233146 0.19272666331489835
3 0.30475711260666294 0.5439919557566616 0.008910413652850297 0.07960449136919727
3 0.3212675849634149 0.7032009384950562 0.01362769146906511 0.07960449136919727
3 0.3314883535652138 0.5607507960449137 0.008910413652850297 0.1215015920898274
3 0.5780971549573349 0.3303167420814481 0.011531123550747415 0.11312217194570126
3 0.5783592259471245 0.5398022456845989 0.009958697612009144 0.12988101223395335
3 0.6533115290269829 0.3386961622255742 0.013103549489485779 0.12988101223395335
3 0.6556701679350904 0.577509636333166 0.011531123550747415 0.1215015920898274
9 0.5466486361825692 0.32612703200938503 0.020965679183177134 0.15501927266633156
9 0.5461244942029897 0.5607507960449138 0.023062247101494925 0.16339869281045752
9 0.6855462607711177 0.3386961622255742 0.024110531060653678 0.17177811295458348
9 0.6858083317609074 0.5439919557566618 0.022538105121915408 0.1215015920898274
4 0.30554332557603203 0.6592089827383946 0.00943455563242972 0.0921736215853862
