30 0.23962285875783096 0.09380601853617619 0.024598443494235064 0.08009458789427505
30 0.2749504105846579 0.5648384759144134 0.026168556908760708 0.1067927838590334
30 0.25087533822859803 0.654468133796102 0.02512181463241031 0.11823486784392989
30 0.31917527176046345 0.8432625195468936 0.014131020730730779 0.16018917578855044
30 0.776339960956513 0.37223006216865645 0.026168556908760663 0.11060681185399895
30 0.766395909331184 0.5686525039093787 0.025121814632410262 0.12204889583889561
27 0.25951096200848905 0.21585491437507162 0.015177763007081225 0.16400320378351582
27 0.21790295652355957 0.7650749456501011 0.015701134145256427 0.10297875586406836
27 0.5612344231665001 0.6887943857507915 0.009420680487153884 0.11823486784392989
27 0.7488629762023143 0.6926084137457569 0.01203753617802993 0.11823486784392989
27 0.6690488776305942 0.4809298600251728 0.011514165039854777 0.1144208398489645
1 0.27652052399918353 0.39320721614096665 0.03454249511956414 0.23646973568786012
1 0.38669014858506606 0.28641443228193303 0.03297238170503845 0.251725847667722
1 0.43091500976087166 0.28832144627941575 0.03558923739591455 0.2402837636828255
1 0.2919599725753524 0.83372744955948 0.035065866257739345 0.2479118196727566
1 0.6156650215367222 0.47902284602769 0.06280453658102571 0.49963766734047843
0 0.27782895184462153 0.4027422861283803 0.024598443494235064 0.17163125977344676
0 0.2911749158680895 0.8356344635569626 0.026168556908760708 0.1754452877684123
0 0.34560551423831176 0.2902284602768986 0.031402268290512805 0.228841679697929
0 0.38695183415415374 0.27687936229451937 0.026168556908760708 0.20214348373317048
0 0.4319617520372221 0.29594950226934674 0.02721529918511111 0.20214348373317048
0 0.47566324207485244 0.2902284602768985 0.0329723817050385 0.22121362370799807
0 0.5264302424778483 0.13957435447576197 0.03192563942868801 0.22502765170296363
0 0.7206009347408526 0.14720241046569288 0.0329723817050385 0.19451542774323954
0 0.7556668009985921 0.14148136847324475 0.02564518577058551 0.21358556771806697
9 0.5457949745903312 0.3665090201762082 0.01936473211248292 0.12967695182882655
9 0.5460566601594188 0.5686525039093787 0.017794618697957273 0.12967695182882638
9 0.6839649550685877 0.3855791601510356 0.01727124755978212 0.1373050078187573
9 0.685796754052201 0.5877226438842061 0.02302833007970946 0.12204889583889526
3 0.3042591943224699 0.5724665319043443 0.009420680487153884 0.08390861588924077
3 0.33330629249119426 0.5705595179068617 0.01099079390167953 0.09535069987413691
3 0.31865190062228826 0.6964224417407224 0.013084278454380378 0.0724665319043443
3 0.5774589284499316 0.3741370761661391 0.009420680487153884 0.10679278385903357
3 0.5779822995881068 0.574373545901827 0.008373938210803483 0.11060681185399912
3 0.6549178568998634 0.3665090201762082 0.009420680487153884 0.0839086158892406
3 0.6549178568998634 0.5724665319043443 0.011514165039854684 0.10679278385903374
4 0.3050442510297327 0.6659102177809986 0.010990793901679483 0.09535069987413691
