30 0.2393764728008939 0.034946236559139726 0.023890566821675646 0.06989247311827945
30 0.24635864000167176 0.619933829611249 0.02559923097820408 0.1157981803143094
30 0.2750924706914927 0.543424317617866 0.028733830689820924 0.09511993382961148
30 0.31688713351305037 0.8349875930521091 0.015150565272814663 0.1902398676592226
30 0.7690531419137775 0.33457402812241516 0.025076797692934662 0.09925558312655089
30 0.7599105594215618 0.5475599669148056 0.02350949783712626 0.11166253101736981
27 0.2555012224938875 0.15053763440860213 0.011493532275928352 0.12820512820512833
27 0.2157962928134077 0.7626137303556656 0.011493532275928397 0.12820512820512814
27 0.7421478277223997 0.6799007444168734 0.010971098990658885 0.14474772539288683
27 0.5577288780222764 0.6736972704714639 0.01306083213173675 0.1157981803143094
27 0.6616931017909012 0.4586435070306038 0.009926232420119953 0.10752688172043023
27 0.7784569410486281 0.7026468155500414 0.015672998558084173 0.19851116625310178
1 0.27404760412095375 0.3655913978494624 0.038137629824671414 0.2853598014888339
1 0.3855871105259858 0.24152191894127376 0.03970492968047976 0.31844499586435077
1 0.4258144734917351 0.24152191894127376 0.04074979625101879 0.29363110008271287
1 0.6120619396903015 0.44830438378825466 0.06530416065868384 0.5004135649296938
1 0.29024303596430734 0.8308519437551695 0.038137629824671414 0.25641025641025667
0 0.2745700374062232 0.35732009925558306 0.021419764696048303 0.1695616211745245
0 0.28815330282322943 0.8391232423490487 0.023509497837126216 0.18196856906534345
0 0.34248636449125447 0.23945409429280395 0.033958163542515636 0.24813895781637713
0 0.38428102731281216 0.24358974358974345 0.022464631266587282 0.18196856906534326
0 0.42685934006227405 0.24772539288668313 0.024031931122395683 0.1902398676592226
0 0.46708670302802324 0.24565756823821333 0.031345997116168256 0.2605459057071959
0 0.5208973314107788 0.11331679073614552 0.030301130545629325 0.18610421836228283
0 0.714197646960483 0.11952026468155498 0.030301130545629325 0.1902398676592226
0 0.748939460430903 0.11331679073614552 0.03186843040143772 0.194375516956162
3 0.30330386809604415 0.5496277915632753 0.009926232420119906 0.07444168734491284
3 0.3299479656447872 0.5516956162117453 0.009926232420119953 0.07857733664185279
3 0.315319833657242 0.6840363937138131 0.012015965561197817 0.07857733664185279
3 0.5715733600819175 0.3242349048800661 0.010448665705389512 0.12820512820512814
3 0.573140659937726 0.5454921422663358 0.011493532275928352 0.1157981803143094
3 0.6501995695149729 0.34077750206782453 0.009926232420119953 0.11166253101736963
3 0.6515056527281465 0.5516956162117451 0.011493532275928352 0.11166253101736981
9 0.5417946628215576 0.3263027295285359 0.022987064551856704 0.1406120760959469
9 0.5428395293920966 0.5392886683209264 0.024031931122395635 0.11166253101736981
9 0.6799782667753328 0.3242349048800661 0.020374898125509373 0.153019023986766
9 0.6820679999164106 0.5475599669148056 0.020374898125509373 0.11993382961124897
4 0.3009529183123315 0.6426799007444168 0.011493532275928352 0.08684863523573196
