30 0.3911681803946132 0.03620379343762986 0.023488881929220145 0.05537865152983526
30 0.39847583255037067 0.4342378513083208 0.019313080697358827 0.062300982971064595
30 0.42013780144065144 0.3753980340578708 0.020879006159306813 0.07614564585352325
30 0.8139680551205762 0.2231067423508238 0.0193130806973589 0.08999030873598216
30 0.805355465079862 0.37366745119756345 0.021922956467272086 0.08652914301536743
27 0.37420398789017645 0.5207669943236883 0.009395552771688059 0.08999030873598216
27 0.4047395343981627 0.10715769071023133 0.00887357761770542 0.07960681157413822
27 0.6435431673452343 0.45500484563200894 0.009395552771688059 0.06922331441229404
27 0.7283641298674183 0.307905302505884 0.01200542854160139 0.07268448013290878
27 0.7933500365382606 0.45846601135262366 0.008351602463722636 0.08306797729475295
1 0.4209207641716255 0.24041257095389745 0.029752583777012235 0.186902948913194
1 0.5078296273097401 0.1677280908209887 0.0271427080070989 0.186902948913194
1 0.5417580123186136 0.16253634224006666 0.03027455893099487 0.20420877751626754
1 0.43214322998225285 0.5553786515298353 0.032362459546925564 0.1592136231482762
0 0.4190938511326861 0.24387373667451206 0.01774715523541084 0.12460196594212919
0 0.43292619271322685 0.5553786515298353 0.016181229773462782 0.11767963450089998
0 0.4749451926088318 0.16253634224006652 0.024010857083202858 0.16267478886889106
0 0.5088735776177055 0.16253634224006666 0.016703204927445422 0.1349854631039735
0 0.5399310992796743 0.16426692510037397 0.020357031005324176 0.13152429738335888
0 0.5749034345965133 0.16599750796068125 0.023488881929220145 0.16267478886889106
0 0.6150955214531789 0.08119894780562101 0.027664683161081536 0.13844662882458808
0 0.7688172043010753 0.08292953066592837 0.02401085708320278 0.13498546310397336
0 0.7951769495772001 0.07946836494531365 0.02557678254515084 0.1419077945452028
9 0.634669589727529 0.23522082237297537 0.019835055851341463 0.1072961373390558
9 0.632320701534607 0.3667451197563341 0.01826913038939348 0.07960681157413822
9 0.7427184466019418 0.21445382804928712 0.012527403695584029 0.08652914301536768
9 0.7411525211399937 0.37366745119756345 0.016703204927445568 0.10037380589782634
1 0.688433030587744 0.29752180534403994 0.052197515398266885 0.32881074345839684
3 0.6563315586178098 0.22310674235082395 0.008873577617705347 0.062300982971064595
3 0.6568535337717925 0.3632839540357194 0.00887357761770542 0.07960681157413822
3 0.7187075895187389 0.22829849093174603 0.007307652155757362 0.07268448013290878
3 0.7187075895187389 0.37366745119756345 0.007307652155757362 0.06576214869167957
3 0.44284372063889765 0.3702062854769487 0.007829627309740073 0.051917485809220655
3 0.4637227267982044 0.3719368683372561 0.007829627309740073 0.06230098297106484
3 0.45302223614155973 0.4619271770732384 0.008351602463722711 0.055378651529835135
4 0.4417997703309322 0.4359684341686282 0.007829627309740073 0.06576214869167932
