30 0.23669898444772156 0.05903968642822158 0.025624130609854277 0.0979911807937285
30 0.24585045966552663 0.6551527029234036 0.025101189168836902 0.11432304425934985
30 0.2725204731574158 0.5673689367956883 0.026147072050871745 0.10207414666013374
30 0.31618608348237165 0.8572595133104688 0.014119418907470737 0.16740160052261951
30 0.7737598443726271 0.35505471174260994 0.02457824772781939 0.11840601012575527
30 0.7622551326702435 0.5694104197288912 0.023532364845784547 0.11432304425934985
27 0.25474046416282303 0.18765311121999026 0.01359647746645327 0.1429038053241875
27 0.2123822074404108 0.7919320594479831 0.014642360348488159 0.13473787359137682
27 0.6662953782435442 0.47141923893516263 0.012550594584418382 0.11432304425935003
27 0.5567391463503917 0.7041482933202678 0.012027653143401007 0.12248897599216071
27 0.7444751236756507 0.6959823615874572 0.010981770261366071 0.13882083945778206
1 0.2725204731574158 0.38567695574065003 0.034514135107150665 0.26947574718275347
1 0.38442994153514687 0.26318797974848945 0.034514135107150665 0.2776416789155641
1 0.4265267275370504 0.2672709456148948 0.03503707654816809 0.261309815449943
1 0.28742430422641274 0.8470520986444553 0.03817472519427275 0.2776416789155641
1 0.6126938805392572 0.46121182426914914 0.061184148599039874 0.5593663236975337
0 0.2706901781138548 0.3836354728074474 0.02562413060985432 0.2082312591866733
0 0.28794724566743013 0.8450106157112527 0.028761779255958943 0.19189939572105175
0 0.3420716848127347 0.2713539114813001 0.029284720696976362 0.23681202025151055
0 0.383384058653112 0.25910501388208407 0.021963540522732236 0.19598236158745716
0 0.42600378609603295 0.246856116282868 0.02353236484578459 0.21231422505307854
0 0.4678391013774276 0.26318797974848934 0.029807662137993785 0.2531438837171321
0 0.5222250112432409 0.11007675975828854 0.03189942790206347 0.21639719091948378
0 0.718328051624779 0.12436714029070726 0.028761779255958943 0.19598236158745716
0 0.7504889502473512 0.12640862322391 0.028238837814941475 0.21639719091948395
3 0.30154372313388345 0.5694104197288911 0.008890004497296388 0.06532745386248578
3 0.3156631420413542 0.704148293320268 0.013073536025435848 0.08165931732810713
3 0.32899814878729877 0.5714519026620938 0.01150471170238354 0.1102400783929446
3 0.5753035675065106 0.36322064347542066 0.014642360348488159 0.11024007839294478
3 0.5742576846244757 0.5775763514617018 0.01150471170238354 0.12248897599216071
3 0.6519144886155648 0.37342805814143404 0.012027653143401007 0.12248897599216071
3 0.6503456642925125 0.5694104197288912 0.012027653143401007 0.13065490772497157
9 0.5441885517659732 0.361179160542218 0.02144059908171486 0.1551527029234036
9 0.5439270810454645 0.5755348685284992 0.024055306286802015 0.12657194185856596
9 0.6827680336355935 0.3489302629430019 0.022486481963749704 0.13065490772497138
9 0.6851212701201719 0.5714519026620938 0.020917657640697394 0.13473787359137682
4 0.301020781692866 0.6674016005226197 0.012027653143401007 0.08982524906091763
