30 0.24235146705648947 0.04849633153269362 0.028714628798162244 0.07256308957510284
30 0.2504437715359716 0.661251310166895 0.022971703038529804 0.12093848262517133
30 0.2768090216142842 0.5604692413125855 0.025582123838362714 0.10481335160848189
30 0.31935888065156104 0.8507215996129966 0.015662524798997598 0.17737644118358456
30 0.7774877310222408 0.3528581794727081 0.02558212383836276 0.10078206885430945
30 0.7644356270230761 0.5503910344271546 0.02453795551842952 0.11690719987099907
27 0.2180745536180432 0.7680803031524631 0.010441683199331734 0.1330323308876885
27 0.2577529497755038 0.17749737966620976 0.013574188159131261 0.1370636136418608
27 0.7500783126239949 0.6814077239377568 0.011485851519264878 0.11287591711682643
27 0.5626500991959904 0.6874546480690154 0.013574188159131261 0.11690719987099907
27 0.6688942257491908 0.4717810207207933 0.013052103999164642 0.13706361364186095
1 0.2768090216142842 0.37704587599774236 0.03706797535762764 0.2539708135128598
1 0.38775190560718387 0.26013867612674346 0.03236921791792839 0.27815851003789416
1 0.43134593296439383 0.2540917519954849 0.03706797535762759 0.266064661775377
1 0.29116633601336533 0.8305651858421348 0.0386342278375274 0.266064661775377
1 0.6164247676725487 0.45364024832701744 0.06056176255612401 0.48778521325485763
0 0.27785318993421737 0.3750302346206562 0.026626292158295903 0.17737644118358456
0 0.2927325884932651 0.8345964685963072 0.024015871358462997 0.19350157220027436
0 0.3457241307298737 0.2581230347496573 0.03184713375796177 0.24187696525034266
0 0.38801294768716715 0.2540917519954849 0.023493787198496374 0.18543900669192945
0 0.4308238488044272 0.26013867612674346 0.023493787198496374 0.20559542046279117
0 0.4720684974417876 0.2561073933725711 0.02871462879816229 0.23784568249617022
0 0.5253210817583794 0.11299685559945165 0.029758797118095433 0.2015641377086189
0 0.7213636838258327 0.13315326937031355 0.03028088127806205 0.23381439974199777
0 0.7555601963036441 0.13315326937031355 0.02871462879816229 0.24187696525034266
3 0.30500156625247987 0.5584535999354995 0.008875430719432014 0.0685318068209304
3 0.32040304897149413 0.6975328549544464 0.01253001983919807 0.07256308957510266
3 0.3350214054505586 0.5665161654438441 0.011485851519264878 0.10078206885430926
3 0.578312623994988 0.5665161654438442 0.009397514879398588 0.10884463436265417
3 0.5772684556750548 0.3528581794727081 0.010441683199331734 0.08465693783762
3 0.6553200375900595 0.3609207449810529 0.010963767359298352 0.11690719987099907
3 0.6553200375900595 0.5564379585584132 0.009919599039365113 0.11287591711682643
9 0.5467265323170095 0.3367330484560186 0.021405450558629992 0.10884463436265417
9 0.545421321917093 0.5584535999354994 0.02506003967839614 0.11690719987099871
9 0.6882113396679544 0.3468112553414496 0.02453795551842952 0.18543900669192945
9 0.6879502975879712 0.5725630895751028 0.02192753471859661 0.14512617915020568
4 0.30500156625247987 0.6471418205272919 0.00991959903936516 0.07659437232927528
