27 0.22140762463343108 0.7633728052266232 0.014662756598240468 0.16741527153940375
27 0.2598973607038123 0.16312780726827272 0.013091746962714703 0.11841567986933448
27 0.7442919983242564 0.6694569211923233 0.008902387934646023 0.14291547570436902
30 0.2504713028906578 0.634748877092691 0.025659824046920784 0.11433238056349529
30 0.2763929618768329 0.555124540628828 0.028278173439463743 0.1184156798693343
30 0.7730938416422288 0.3387096774193548 0.0225178047758693 0.1102490812576561
30 0.7602639296187684 0.5469579420171498 0.03246753246753247 0.12658227848101267
30 0.32142857142857145 0.8389138423846467 0.013615416841223275 0.17149857084524311
3 0.5761939673229997 0.5612494895875867 0.00994972769166317 0.09799918334013892
3 0.5775031420192711 0.33462637811351564 0.01571009635525766 0.11841567986933448
3 0.6526497695852536 0.32850142915475694 0.010997067448680316 0.10616578195181711
3 0.6531734394637622 0.5510412413229889 0.010997067448680316 0.11024908125765628
27 0.6646941767909511 0.45304205798285 0.00994972769166317 0.09391588403429957
27 0.5578655215751991 0.6735402204981624 0.00994972769166317 0.11024908125765592
30 0.24366359447004615 0.05083707635769701 0.026707163803938023 0.08983258472846056
3 0.3065039798910767 0.5530828909759085 0.00994972769166317 0.08983258472846056
3 0.3332111436950147 0.5510412413229888 0.010997067448680363 0.10208248264597793
3 0.32142857142857145 0.6796651694569211 0.013615416841223275 0.08983258472846056
9 0.5455592794302473 0.3244181298489179 0.026183493925429405 0.10616578195181693
9 0.5450356095517387 0.5530828909759085 0.020946795140343578 0.13883217639853002
9 0.6832844574780059 0.33462637811351564 0.021994134897360632 0.14291547570436922
9 0.6848554671135317 0.5449162923642301 0.01989945538332634 0.13883217639853002
1 0.6146837033933809 0.44079216006533284 0.061793045664013405 0.5022458146182116
1 0.3892438206954336 0.24275214373213558 0.03299120234604104 0.2858309514087382
1 0.43035190615835783 0.25296039199673337 0.03665689149560124 0.2899142507145774
0 0.47041265186426484 0.25500204164965296 0.02984918307498951 0.2613311555737035
0 0.4306137410976122 0.24887709269089417 0.0225178047758693 0.19191506737443847
0 0.388720150816925 0.24275214373213558 0.02356514453288649 0.19599836668027767
0 0.3481357352325094 0.2366271947733769 0.03037285295349813 0.23274806043282975
0 0.5246124842899037 0.11616986525112284 0.03246753246753247 0.17966516945692113
0 0.7191558441558442 0.11208656594528375 0.03508588186007534 0.21233156390363403
0 0.7510997067448681 0.12229481420988153 0.03403854210305819 0.21641486320947323
0 0.27927314620863014 0.3591261739485504 0.02461248428990364 0.17558187015108193
1 0.27927314620863014 0.3591261739485503 0.04451193967322998 0.25724785626786434
1 0.29393590280687054 0.8184973458554511 0.03613322161709258 0.2694977541853817
0 0.2936740678676163 0.8348305430788077 0.023041474654377874 0.17149857084524311
4 0.30702764976958524 0.6327072274397714 0.010997067448680363 0.06941608819926519
