5 0.008146969871385691 0.36693634234617833 0.01465094132298 0.10290256191895525
5 0.036663980660757475 0.5816123766943437 0.02145316408007786 0.09935419771485349
30 0.24125391127808532 0.14516357958980905 0.026685643123999285 0.13483783975587255
30 0.25093399750934 0.689837484919452 0.024069403602038564 0.08870910510254772
30 0.2752650250635746 0.613547654531261 0.022499659888862128 0.09225746930664964
30 0.31843297717592645 0.8424171456958341 0.012557949705411473 0.14548293236817814
27 0.25825946817082995 0.2711305088354268 0.012557949705411426 0.10999929032715909
1 0.27683476877675106 0.4538712653466751 0.034011113785489315 0.22709530906252218
0 0.2763115208723589 0.44145199063231844 0.02040666827129355 0.14548293236817844
1 0.29200895800412324 0.8441913277978851 0.0350576095942736 0.2199985806543185
0 0.2901775903387507 0.845965509899936 0.019883420366901407 0.152579660776382
0 0.3438105005389453 0.3456461571215668 0.029825130550352155 0.2306436732666241
1 0.38671682869910107 0.33500106450926115 0.032964617976705024 0.2590305868994393
0 0.3861935807947089 0.34209779291746495 0.02145316408007784 0.1383862039599743
1 0.4264836694329039 0.340323610815414 0.03610410540305785 0.2412887658789297
0 0.4264836694329039 0.33854942871336313 0.020406668271293598 0.13838620395997445
0 0.467297005975491 0.3456461571215668 0.032964617976704975 0.22354694485842025
0 0.5193601724625092 0.2143566815697963 0.032441370072312785 0.20935348804201273
0 0.7119154012788179 0.21613086367184717 0.03139487426352859 0.21999858065431832
0 0.7440951473989347 0.21258249946774524 0.02668564312399924 0.22709530906252218
30 0.7660715593834047 0.4166134412036051 0.02773213893278362 0.12419274714356678
30 0.7574379689609343 0.6082251082251081 0.024069403602038564 0.09580583351075156
5 0.9798183283275951 0.3687105244482292 0.012557949705411289 0.0851607408984458
27 0.5544177820567828 0.7058051238379106 0.010464958087842802 0.09935419771485349
27 0.661421978504976 0.5266127315307643 0.009941710183450704 0.09580583351075156
9 0.5408133365425871 0.4237101696118089 0.02720889102839143 0.13128947555177062
9 0.5381970970206265 0.5975800156128024 0.0303483784547443 0.10999929032715924
9 0.6786891593499167 0.4254843517138598 0.023546155697646464 0.09935419771485349
9 0.6802589030630932 0.609999290327159 0.022499659888862177 0.11354765453126117
3 0.5709000910451354 0.4112908948974522 0.013081197609803571 0.09935419771485332
3 0.5719465868539195 0.6170960187353629 0.01517418922737215 0.09935419771485349
3 0.6478175329907803 0.4272585338159108 0.013081197609803571 0.10999929032715924
3 0.6470326611341921 0.613547654531261 0.013604445514195762 0.0851607408984458
1 0.6106669317789382 0.5159676389184585 0.06017350900509641 0.44354552551273857
3 0.3173864813671422 0.7217727627563693 0.014650941322980005 0.053225463061528505
3 0.3032587879485543 0.6029025619189552 0.010464958087842847 0.07806401249024196
3 0.32994443107255356 0.6117734724292101 0.013604445514195715 0.08161237669434387
27 0.7414789078769739 0.7111276701440635 0.012034701801019282 0.12419274714356693
27 0.21692288372385068 0.7945142289404583 0.015697437131764296 0.12774111134766886
4 0.3035204119007503 0.6862891207153501 0.00889521437466646 0.06032219146973235
