30 0.24078521457658972 0.05374695289769616 0.024537955518429567 0.10615711252653924
30 0.2504437715359716 0.649406306518833 0.022971703038529804 0.102225367618149
30 0.2786363161741673 0.545215066446489 0.024015871358462997 0.07470315325941664
30 0.3185757544116111 0.8243689549422034 0.01305210399916469 0.1690650310607848
30 0.7777487731022241 0.34666194857277666 0.02610420799832938 0.1179523472517103
30 0.7662629215829592 0.5570103011716601 0.025060039678396234 0.09829362270975876
27 0.258797118095437 0.18152866242038232 0.011485851519264925 0.12581583706849095
27 0.2191187219379764 0.7653927813163482 0.013574188159131261 0.1218840921601009
27 0.5613448887960739 0.6690650310607847 0.010963767359298352 0.1179523472517103
27 0.6701994361491073 0.46854604073287737 0.009397514879398494 0.11008885743492983
27 0.7490341443040618 0.6690650310607847 0.010441683199331734 0.11008885743492983
1 0.27941944241411715 0.374184162931509 0.04124464863736031 0.2437681843202011
1 0.29299363057324834 0.8283006998505936 0.0349796387177613 0.2476999292285917
1 0.3898402422470502 0.26409530549657945 0.03759005951759421 0.2673586537705434
1 0.43082384880442726 0.26802705040496977 0.03289130207789492 0.29094912322088534
1 0.6164247676725487 0.4606825509160966 0.06160593087605725 0.5111268380907446
0 0.2757648532943511 0.3781159078398994 0.02558212383836276 0.17299677596917504
0 0.2927325884932651 0.8263348273963985 0.02506003967839614 0.1965872454195172
0 0.34650725696982354 0.26606117795077466 0.030280881278062007 0.23197294959503037
0 0.38775190560718387 0.25230007077140837 0.021927534718596656 0.18872375560273652
0 0.430562806724444 0.2562318156797987 0.02506003967839614 0.1965872454195172
0 0.4723295395217709 0.2503341983172133 0.03028088127806196 0.22410945977824956
0 0.5279315025582124 0.11468899897774644 0.032891302077894966 0.22017771486985932
0 0.7218857679857993 0.1264842337029175 0.03236921791792834 0.2359046945034206
0 0.755560196303644 0.13434772351969815 0.029758797118095433 0.2359046945034206
3 0.30630677665239636 0.5393174490839036 0.009397514879398541 0.07863489816780687
4 0.3055236504124465 0.637611071793662 0.010963767359298306 0.07863489816780687
3 0.3331941108906755 0.5629079185342457 0.00991959903936516 0.07863489816780687
3 0.32066409105147753 0.6828261382401509 0.012007935679231451 0.05897617362585533
3 0.5772684556750548 0.3446960761185815 0.010441683199331734 0.09043013289297794
3 0.5772684556750548 0.5589761736258553 0.010441683199331734 0.1179523472517103
3 0.6571473321499425 0.3407643312101911 0.009397514879398588 0.10615711252653924
3 0.655842121750026 0.5629079185342455 0.008875430719431969 0.0864983879845877
9 0.6874282134280045 0.34273020366438633 0.020883366398663467 0.1336793268852718
9 0.6871671713480213 0.5609420460800503 0.017228777278897316 0.10615711252653924
9 0.5485538268768925 0.338798458755996 0.02192753471859661 0.11008885743492948
9 0.5485538268768925 0.5511126838090745 0.020883366398663467 0.14154281670205243
