30 0.24156834081653963 0.10789367107249377 0.02819254463819567 0.10677073745443845
30 0.2504437715359716 0.663837855749052 0.02506003967839614 0.11413423658922743
30 0.2786363161741673 0.568112366996797 0.024015871358462997 0.1141342365892271
30 0.31935888065156104 0.8276757114981039 0.01670669311893079 0.16199698096535467
30 0.7772266889422574 0.3766613894922868 0.027148376318262522 0.09204373918486064
30 0.767046047822909 0.5828393652663746 0.02453795551842952 0.12886123485880507
27 0.2188576798579931 0.7687677184197931 0.014096272319097835 0.12517948529141074
27 0.6694163099091573 0.49263650086521116 0.014096272319097788 0.10308898788704379
27 0.7508614388639449 0.6859283531534184 0.010963767359298352 0.1141342365892271
27 0.2601023284953534 0.22202790766172095 0.014096272319097835 0.1288612348588049
1 0.2788973582541506 0.39875188689665336 0.03706797535762769 0.20985972534148223
1 0.38905711600710036 0.2975037737933067 0.03706797535762764 0.2577224697176098
1 0.4316069750443772 0.2901402746585178 0.03445755455779468 0.25772246971760965
1 0.6179910201524486 0.4668642538934502 0.06265009919599039 0.47126394462648635
1 0.2924715464132818 0.8221530871470123 0.03706797535762764 0.23931372188063785
0 0.27837527409418394 0.40243363646404773 0.023493787198496374 0.1583152313979602
0 0.29299363057324834 0.83688008541659 0.023493787198496423 0.16567873053274934
0 0.34676829904980677 0.3085490224954899 0.030802965438028625 0.22090497404366555
0 0.3901012843270335 0.30486727292809546 0.02244961887856323 0.17672397923493247
0 0.4303017646444607 0.29382202422591225 0.02244961887856323 0.1767239792349323
0 0.4738957920016707 0.30118552336070104 0.031325049597995196 0.20617797577408792
0 0.5268873342382792 0.16127903979971292 0.03080296543802858 0.21354147490887673
0 0.7213636838258327 0.16680166415080458 0.029236712958128814 0.2319502227458487
0 0.7542549859037276 0.1649607893671073 0.03028088127806205 0.2577224697176098
3 0.3060457345724131 0.5644306174294025 0.009919599039365113 0.07731674091528284
3 0.31935888065156104 0.7024962262066934 0.01670669311893079 0.07363499134788852
3 0.3347603633705753 0.5754758661315859 0.010963767359298306 0.09940723831964947
3 0.5770074135950715 0.3803431390596812 0.012007935679231498 0.10677073745443845
3 0.5793567923149211 0.5736349913478885 0.010441683199331734 0.11045248702183277
3 0.6579304583898924 0.3637752660064063 0.010963767359298352 0.08836198961746632
3 0.6561031638300093 0.5644306174294025 0.011485851519264878 0.10677073745443812
9 0.5475096585569593 0.39138838776186446 0.019839198078730226 0.13622473399359356
9 0.5472486164769761 0.5662714922130998 0.02244961887856323 0.13254298442619938
9 0.6856009188681216 0.3858657634107729 0.021405450558630086 0.13990648356098806
9 0.6884723817479377 0.6012481131033468 0.01983919807873032 0.12886123485880474
27 0.5631721833559569 0.6932918522882074 0.017750861438863938 0.10677073745443845
4 0.30656781873237965 0.6527926070468688 0.008875430719431969 0.0625897426457052
