1 0.17217728917108868 0.6465707964601771 0.04139175641779183 0.053097345132743355
1 0.236334511618666 0.6205752212389382 0.04387526180285932 0.058628318584070915
33 0.0707674859474987 0.5807522123893805 0.05049794282970601 0.038716814159292026
0 0.026892224144639366 0.5243362831858407 0.04221959154614767 0.045353982300884894
18 0.0984999627474192 0.47123893805309736 0.038080415904368475 0.04092920353982301
9 0.12912986249658517 0.47289823008849563 0.019868043080540077 0.03318584070796462
1 0.13037161518911894 0.5796460176991151 0.038908251032724286 0.0519911504424779
27 0.07945975479523497 0.5199115044247787 0.028146394364098465 0.021017699115044194
52 0.17714429994122372 0.5116150442477876 0.06622681026846694 0.16371681415929204
9 0.2276422427709297 0.4408185840707965 0.028146394364098465 0.026548672566371678
29 0.2553747195708503 0.4424778761061947 0.025662888979030924 0.023230088495575247
18 0.2864185368841941 0.4424778761061947 0.0364247456476568 0.03650442477876112
1 0.23923193456791142 0.5547566371681415 0.04139175641779183 0.04867256637168147
0 0.31249534342740304 0.37555309734513276 0.03890825103272434 0.0486725663716814
33 0.33029379868705344 0.3047566371681416 0.05298144821477347 0.04867256637168137
0 0.3162206015050042 0.24889380530973454 0.034769075390945176 0.04977876106194689
1 0.27151750457378904 0.30254424778761063 0.038080415904368475 0.05309734513274332
27 0.36796029702724403 0.3810840707964602 0.028974229492454383 0.019911504424778813
0 0.30959792047815754 0.5237831858407079 0.03642474564765675 0.05088495575221238
33 0.35305926471683896 0.5807522123893806 0.048842272572994304 0.04092920353982301
1 0.41142164126592545 0.5801991150442478 0.04139175641779178 0.05530973451327434
27 0.35885411061532985 0.5188053097345133 0.03559691051930099 0.023230088495575174
18 0.37913607126004784 0.4706858407079646 0.03808041590436853 0.035398230088495596
9 0.4118355588301034 0.4728982300884955 0.02235154846560757 0.03097345132743364
52 0.46647267730158853 0.5132743362831859 0.06043196436997605 0.1626106194690265
9 0.5111757742328038 0.4408185840707965 0.020695878208895943 0.02212389380530972
29 0.5364247456476569 0.44137168141592925 0.02649072410738684 0.029867256637168185
18 0.5678824805251785 0.44192477876106195 0.031457734877521716 0.03318584070796462
0 0.5935453695042094 0.377212389380531 0.0364247456476568 0.05420353982300881
33 0.6113438247638601 0.3042035398230089 0.05215361308641766 0.04314159292035395
1 0.5529814482147735 0.3030973451327434 0.039736086161080264 0.04756637168141587
0 0.5985123802743445 0.24834070796460184 0.03973608616108005 0.05088495575221238
27 0.6494242406682285 0.3805309734513274 0.030629899749166113 0.021017699115044267
1 0.5211097957730737 0.5519911504424779 0.03559691051930099 0.04756637168141587
0 0.8716979726317706 0.5243362831858407 0.03973608616108005 0.0519911504424779
0 0.8762510658377278 0.377212389380531 0.03725258077601261 0.049778761061946855
0 0.8791484887869732 0.24944690265486733 0.0364247456476568 0.0486725663716814
0 0.591061864119142 0.5259955752212389 0.03973608616108005 0.05088495575221238
1 0.45405515037625105 0.6465707964601771 0.047186602316282675 0.05973451327433637
1 0.5194541255163622 0.6233407079646018 0.04553093205957116 0.0530973451327435
1 0.7342773413247017 0.6460176991150443 0.04470309693121514 0.058628318584070915
1 0.8021598218498804 0.6211283185840708 0.041391756417791886 0.05530973451327434
1 0.6932995024710878 0.5790929203539823 0.04387526180285932 0.057522123893805316
1 0.8025737394140583 0.5536504424778761 0.03394124026258915 0.05088495575221238
1 0.9747634461120722 0.5779867256637168 0.04387526180285932 0.05973451327433629
1 0.8348593094199358 0.3030973451327434 0.04387526180285932 0.05641592920353979
33 0.6345232083578234 0.581858407079646 0.04884227257299441 0.038716814159292026
27 0.6390763015637805 0.5210176991150443 0.028146394364098465 0.023230088495575174
18 0.6601860973368543 0.4723451327433628 0.03394124026258915 0.04092920353982301
9 0.6928855849069099 0.47400442477876104 0.02317938359396338 0.035398230088495526
52 0.7425556926082602 0.5154867256637168 0.07119382103860218 0.1626106194690265
9 0.7922258003096103 0.44192477876106195 0.019868043080540132 0.0243362831858407
29 0.8162330190319296 0.4435840707964602 0.024835053850675217 0.02765486725663713
18 0.8485185890378073 0.4424778761061947 0.03311340513423355 0.03429203539823007
33 0.8911520981481329 0.3042035398230089 0.05215361308641766 0.040929203539822975
27 0.9317160194375689 0.3832964601769912 0.028974229492454276 0.02212389380530972
27 0.9242655032823663 0.5204646017699115 0.028974229492454276 0.02212389380530972
33 0.9168149871271637 0.5796460176991151 0.05049794282970603 0.038716814159292026
18 0.9416500409778389 0.4723451327433628 0.03725258077601261 0.03429203539823014
9 0.9739356109837164 0.4706858407079646 0.020695878208895943 0.03097345132743364
6 0.38782834010778416 0.37942477876106195 0.010761856668625877 0.025442477876106154
6 0.09974171543995299 0.517146017699115 0.0091061864119142 0.026548672566371678
6 0.37996390638840366 0.5182522123893806 0.01324536205369342 0.03097345132743364
6 0.6705340364413023 0.37942477876106195 0.011589691796981584 0.027654867256637204
6 0.6630835202860998 0.5210176991150443 0.019868043080540132 0.03207964601769909
6 0.9544814854673543 0.37887168141592925 0.011589691796981796 0.03097345132743364
6 0.9466170517479738 0.5160398230088495 0.01738453769547248 0.035398230088495596
1 0.1725912067352666 0.7013274336283186 0.03890825103272434 0.049778761061946855
1 0.17383295942780036 0.752212389380531 0.038080415904368475 0.049778761061946855
1 0.17217728917108868 0.8025442477876107 0.03642474564765685 0.0486725663716814
1 0.1730051242994445 0.8539823008849559 0.03808041590436853 0.04756637168141595
1 0.1725912067352666 0.9037610619469026 0.04387526180285932 0.04535398230088504
1 0.170521618914377 0.9529867256637169 0.038080415904368475 0.05088495575221245
1 0.23799018187537768 0.6764380530973452 0.04387526180285932 0.046460176991150494
1 0.2355066764903102 0.7262168141592921 0.047186602316282675 0.0486725663716814
1 0.2384040994395556 0.77820796460177 0.04304742667450351 0.046460176991150494
1 0.23840409943955562 0.829646017699115 0.04139175641779183 0.05420353982300881
1 0.4561247381971406 0.7002212389380532 0.041391756417791886 0.05199115044247776
1 0.4548829855046069 0.7511061946902655 0.03890825103272434 0.05420353982300881
1 0.45405515037625105 0.8036504424778761 0.03725258077601272 0.05530973451327426
1 0.45446906794042896 0.8523230088495575 0.03808041590436853 0.04646017699115035
1 0.4548829855046069 0.9026548672566372 0.03890825103272434 0.049778761061946855
1 0.4561247381971406 0.952433628318584 0.04304742667450351 0.05420353982300881
1 0.5211097957730737 0.676991150442478 0.033941240262589364 0.0519911504424779
1 0.5215237133372518 0.7267699115044249 0.04470309693121514 0.049778761061946994
1 0.520695878208896 0.7771017699115045 0.041391756417791886 0.046460176991150494
1 0.5186262903880063 0.8290929203539824 0.04056392128943586 0.0486725663716814
1 0.7371747642739471 0.7013274336283186 0.03559691051930099 0.04756637168141595
1 0.7367608467097692 0.7483407079646018 0.0364247456476568 0.044247787610619586
1 0.7371747642739471 0.8003318584070798 0.03559691051930099 0.053097345132743355
1 0.7359330115814134 0.8501106194690266 0.0364247456476568 0.05088495575221231
1 0.7359330115814133 0.9021017699115045 0.04304742667450351 0.05088495575221231
1 0.7363469291455913 0.9529867256637168 0.043875261802859535 0.0486725663716814
1 0.8017459042857024 0.6742256637168142 0.03725258077601261 0.0486725663716814
1 0.8021598218498804 0.7251106194690266 0.038080415904368635 0.046460176991150494
1 0.8021598218498803 0.7765486725663717 0.0364247456476568 0.0519911504424779
1 0.8021598218498804 0.8285398230088495 0.041391756417791886 0.0519911504424779
5 0.2553747195708503 0.022676991150442537 0.025662888979030924 0.019911504424778757
