0 0.18305226647530196 0.2803259962216072 0.04983454929633617 0.05601687096349016
0 0.1825539209823386 0.37917929792188393 0.050831240282262886 0.056016870963490124
0 0.4526571781684806 0.4308026888098062 0.05083124028226283 0.06041035103905804
0 0.6225929912689869 0.27867844119326923 0.051827931268189735 0.05491850094459823
0 0.6230913367619503 0.38027766794077594 0.048837858310409266 0.056016870963490124
0 0.8912012119762387 0.4308026888098062 0.04883785831040951 0.056016870963490194
0 0.4521588326755172 0.3500724924212469 0.05980145915560338 0.05931198102016601
1 0.45315552366144396 0.3506216774306929 0.06777498704301727 0.07359079126576165
0 0.8916995574692019 0.3506216774306929 0.05382131324004305 0.06041035103905797
1 0.8931945939480922 0.3500724924212469 0.06677829605709061 0.07468916128465361
27 0.19351752182753257 0.3308510170906375 0.03089742056372841 0.01647555028337943
27 0.25481401746202603 0.3297526470717456 0.025913965634094868 0.01647555028337943
27 0.22491328788422438 0.3544659724968147 0.027907347605948308 0.015377180264487533
27 0.19301917633456922 0.4291551337814683 0.027907347605948245 0.015377180264487467
27 0.2558107084479528 0.4291551337814683 0.029900729577801627 0.015377180264487467
27 0.2254116333771877 0.45112253415930764 0.02890403859187497 0.013180440226703543
27 0.050990710840011166 0.7438381441940162 0.026910656620021525 0.020869030358947344
27 0.0853765498544831 0.7680022846096393 0.03388749352150857 0.012082070207811648
27 0.11079216999561455 0.7449365142129082 0.036877566479288734 0.01867229032116342
27 0.6330582466212175 0.4291551337814683 0.028904038591874844 0.017573920302271392
27 0.6943547422557109 0.4286059487720223 0.025913965634094868 0.014278810245595505
27 0.6624606307060558 0.4522209041781996 0.021927201690387983 0.017573920302271392
27 0.6320615556352908 0.3297526470717456 0.028904038591874844 0.018672290321163354
27 0.665450703663836 0.3528184174684768 0.029900729577801752 0.016475550283379495
27 0.6953514332416376 0.3292034620622996 0.027907347605948186 0.017573920302271392
27 0.9375473428218313 0.7366987390712183 0.03787425746521552 0.015377180264487467
0 0.9569828170474024 0.6180747770308862 0.05083124028226283 0.059311981020166146
3 0.9270820874696007 0.5472299108123545 0.016943746760754438 0.020869030358947275
3 0.9270820874696009 0.6812310531171742 0.014950364788900876 0.01867229032116342
3 0.6983415061994178 0.5472299108123545 0.0179404377466811 0.01647555028337943
3 0.7003348881712713 0.6812310531171742 0.015947055774827534 0.01867229032116342
3 0.4865446716899892 0.5499758358595844 0.014950364788900753 0.026360880453407086
3 0.4870430171829525 0.683427793154958 0.01993381971853454 0.02526251043451519
4 0.23787027070127173 0.532401915557313 0.021927201690387983 0.017573920302271458
4 0.2408603436590519 0.7097886736083653 0.03189411154965519 0.020869030358947344
0 0.21195630506717697 0.6180747770308861 0.05382131324004311 0.05711524098238215
3 0.2911932384483515 0.48022933965994463 0.01295698281704731 0.020869030358947344
3 0.31212374915281266 0.4725407495277009 0.014950364788900876 0.020869030358947344
3 0.7312323087349997 0.4829752647071746 0.019933819718534664 0.019770660340055313
3 0.7506677829605708 0.46869645446157904 0.02292389267631464 0.019770660340055382
27 0.6893712873260774 0.5153771802644875 0.03388749352150863 0.020869030358947275
27 0.24883387154646575 0.5131804402267036 0.039867639437068836 0.02526251043451519
27 0.37391859028026947 0.8295110056675894 0.02292389267631464 0.03624621062343481
27 0.8149543515528443 0.8273142656298054 0.025913965634094868 0.04063969069900266
27 0.4970099270422198 0.7361495540617723 0.03388749352150863 0.020869030358947344
3 0.26029581788462297 0.7454856992223541 0.0209305107044612 0.021967400377839237
36 0.224414942391261 0.3182197618733799 0.020930510704461263 0.039541320680110695
36 0.22341825140533425 0.41707306357365675 0.024917274648168085 0.039541320680110695
36 0.6639556671849459 0.4192698036114407 0.024917274648168206 0.039541320680110695
36 0.663955667184946 0.3193181318922719 0.02292389267631464 0.04393480075567858
36 0.08437985886855638 0.7366987390712183 0.025913965634094805 0.03734458064232671
0 0.04202049196667065 0.6949606783533235 0.056811386197823215 0.05711524098238215
0 0.12873260774229556 0.6175255920214402 0.052824622254116334 0.05821361100127412
1 0.13072598971414903 0.6186239620403322 0.06677829605709049 0.06919731119019373
53 0.3754136267591595 0.6290584772198059 0.20133157915719813 0.33390448574315723
53 0.8159510425387712 0.6340011423048197 0.20731172507275844 0.31962567549756166
39 0.36644340788581903 0.4319010588286983 0.03388749352150863 0.051623390887922345
39 0.8069808236654306 0.43849127894205003 0.051827931268189485 0.06260709107684197
