1 0.21078443524463503 0.2331354918722594 0.07271705628134888 0.09190769367054968
0 0.21202393052215804 0.36601408513088546 0.06858540535627221 0.09412233689152677
33 0.7148458481039853 0.5919076936705497 0.04957981110091965 0.12734198520618326
0 0.7805390978127039 0.542078221198565 0.06528008461621086 0.09190769367054961
1 0.2839146566184916 0.23479647428799222 0.06693274498624156 0.09301501528103823
1 0.35456588743730216 0.23424281348274795 0.06941173554128753 0.08747840722859547
1 0.4272829437186511 0.23479647428799222 0.06775907517125698 0.08858572883908405
1 0.5008263301850152 0.23535013509323652 0.06610641480122624 0.0896930504495726
1 0.5735433864663642 0.23424281348274795 0.06610641480122624 0.09190769367054968
1 0.6437814521926671 0.23424281348274795 0.07106439591131818 0.09190769367054968
0 0.2839146566184916 0.3665677459361298 0.07023806572630285 0.09522965850201531
0 0.3558053827148252 0.3698897107675954 0.07189072609633355 0.10187358816494665
0 0.42893560408868175 0.3693360499623511 0.07271705628134882 0.1029809097754352
0 0.501239495277523 0.37099703237808396 0.07023806572630291 0.10630287460690083
0 0.5731302213738565 0.37542631882003813 0.07023806572630291 0.11073216104885508
0 0.6466736078402208 0.37099703237808396 0.0735433864663642 0.10187358816494665
