27 0.2562108195960065 0.7305260384649161 0.051079637798931946 0.027443576007728208
0 0.4988390991409334 0.6432554667603406 0.06501044810773156 0.061473610257310865
0 0.578360807986998 0.6449020813208044 0.0684931506849315 0.06037586721700185
1 0.4976781982818667 0.5384210064108194 0.0719758532621313 0.06476683937823835
1 0.5806826097051312 0.5378721348906648 0.07313675412119805 0.06586458241854751
33 0.2684002786162062 0.3111881970668306 0.049918736939865344 0.09550364450689389
0 0.2074529835152078 0.2744138052164749 0.06501044810773156 0.061473610257310976
40 0.32064081727420485 0.3402783876350224 0.03830972834919892 0.03293229120927379
27 0.37578360807987 0.37815052252568715 0.027861620617599243 0.047202950733292365
0 0.4169955885767356 0.2546544304909107 0.07081495240306486 0.06366909633792922
1 0.41641513814720227 0.1421357688592254 0.07197585326213145 0.06696232545885661
27 0.8563965637334573 0.3995565118117151 0.03018342233573259 0.04830069377360152
1 0.4866496401207337 0.14378238341968907 0.06617134896679816 0.06366909633792923
1 0.5557232412351986 0.14323351189953454 0.06733224982586491 0.06257135329762012
1 0.6253772927791966 0.1410380258189163 0.06733224982586491 0.06257135329762012
1 0.6944508938936614 0.1410380258189163 0.0684931506849315 0.06476683937823836
0 0.4860691896912004 0.2557521735312198 0.06501044810773156 0.06366909633792922
0 0.5563036916647318 0.2557521735312198 0.07313675412119805 0.06586458241854747
0 0.62769909449733 0.25904540265214715 0.06268864638959837 0.0768420128216387
0 0.6956117947527282 0.2552033020110652 0.07081495240306486 0.0669623254588566
