0 0.032690441533236275 0.27600762527233114 0.026079573022804458 0.05446623093681919
0 0.030264434740417255 0.3733660130718954 0.024866569626394944 0.05855119825708067
0 0.16217855409995147 0.34613289760348587 0.02547307132459972 0.05855119825708067
0 0.16248180494905382 0.4251089324618736 0.024866569626394944 0.05855119825708053
1 0.16339155749636095 0.34545206971677556 0.031538088306647255 0.07080610021786488
39 0.12214944201843762 0.4278322440087146 0.021834061135371178 0.04221132897603487
27 0.03723920426977193 0.32570806100217864 0.015769044153323624 0.02042483660130714
27 0.06665453663270254 0.3243464052287582 0.011523532265890346 0.017701525054466247
27 0.053008248423095566 0.34953703703703703 0.014556040756914121 0.016339869281045798
27 0.03814895681707907 0.42578976034858385 0.012736535662299856 0.019063180827886696
27 0.06786754002911205 0.4264705882352941 0.017588549247937887 0.01497821350762521
27 0.053008248423095566 0.44757625272331153 0.01698204754973313 0.016339869281045798
27 0.06422852983988353 0.5122549019607843 0.0188015526443474 0.025871459694989076
27 0.25072780203784567 0.32502723311546833 0.01576904415332361 0.013616557734204763
27 0.280749636098981 0.32638888888888884 0.013949539058709388 0.016339869281045798
27 0.26619359534206694 0.3481753812636165 0.013949539058709357 0.013616557734204763
27 0.24951479864143616 0.42578976034858385 0.018195050946142637 0.016339869281045798
27 0.28014313440077626 0.42306644880174293 0.01516254245511887 0.016339869281045798
27 0.267103347889374 0.44689542483660133 0.016982047549733155 0.017701525054466247
27 0.2798398835516739 0.5136165577342048 0.0181950509461427 0.025871459694989076
27 0.18522561863173212 0.7294389978213508 0.018195050946142637 0.024509803921568627
27 0.12578845220766616 0.8186274509803921 0.010917030567685589 0.034041394335512044
27 0.3365477923338185 0.8186274509803921 0.01152353226589033 0.034041394335512044
27 0.399623968947113 0.7294389978213508 0.01758854924793793 0.024509803921568627
39 0.33624454148471616 0.43532135076252726 0.021834061135371178 0.06808278867102395
3 0.29742843279961184 0.4775326797385621 0.006065016982047536 0.019063180827886696
3 0.30622270742358076 0.46595860566448805 0.006671518680252277 0.02042483660130714
3 0.28347889374090246 0.5422113289760349 0.009704027171276138 0.017701525054466108
3 0.2819626394953906 0.6749727668845317 0.009097525473071334 0.024509803921568627
3 0.1803736050460941 0.6749727668845317 0.013343037360504616 0.019063180827886696
3 0.1791606016496846 0.5408496732026143 0.007278020378457049 0.017701525054466247
3 0.06968704512372632 0.5422113289760349 0.011523532265890353 0.01497821350762521
3 0.0687772925764192 0.6749727668845317 0.010917030567685589 0.02178649237472759
0 0.1952328966521106 0.6109749455337691 0.026079573022804458 0.05718954248366008
0 0.4260067928190199 0.6116557734204794 0.024260067928190143 0.05855119825708053
4 0.4041727316836487 0.5272331154684096 0.008491023774866624 0.03131808278867101
4 0.4041727316836487 0.6974400871459695 0.018195050946142606 0.023148148148148178
36 0.053008248423095566 0.31413398692810457 0.012130033964095094 0.03540305010893239
36 0.052098495875788436 0.41217320261437906 0.011523532265890346 0.04084967320261443
36 0.26589034449296456 0.3127723311546841 0.012130033964095102 0.040849673202614394
36 0.26589034449296456 0.4114923747276688 0.010917030567685589 0.047657952069716666
0 0.24617903930131002 0.2726034858387799 0.026079573022804458 0.0503812636165577
0 0.24617903930131 0.3740468409586056 0.024866569626394944 0.06263616557734202
0 0.3759704027171276 0.34681372549019607 0.026079573022804427 0.05991285403050112
0 0.3759704027171276 0.42715141612200436 0.024866569626394944 0.05446623093681905
1 0.3771834061135371 0.34477124183006536 0.035783600194080535 0.07216775599128533
3 0.08454633672974282 0.4761710239651416 0.009704027171276075 0.019063180827886834
3 0.09303736050460938 0.46663943355119825 0.009704027171276075 0.02178649237472759
53 0.12457544881125665 0.6266339869281046 0.09946627850557982 0.31998910675381276
53 0.3383672974284328 0.6300381263616557 0.09764677341096556 0.3131808278867102
