27 0.21332542506919738 0.23851675694719693 0.04832828083124646 0.030827498128330466
0 0.3533676024779228 0.07061699035539705 0.05821361100127405 0.06055401418064912
0 0.28636703132551294 0.06896551724137935 0.060410351039058105 0.05725106795261371
0 0.28636703132551294 0.16309948474038846 0.060410351039058105 0.05835205002862555
0 0.3550151575062608 0.16309948474038846 0.06150872105795 0.060554014180649145
1 0.283621106278283 0.06841502620337345 0.07249242124686962 0.07156383494076715
1 0.35556434251570673 0.06896551724137935 0.0691973111901938 0.08807856608094418
30 0.22870260533368483 0.7499229312546791 0.04393480075567861 0.027524551900295065
29 0.3006458415711085 0.7510239133306909 0.0450331707745705 0.027524551900295065
27 0.6999033434383375 0.750473422292685 0.04173806071789469 0.028625533976306933
27 0.6647555028337947 0.823138239309464 0.024164140415623297 0.0484432113445192
49 0.9750450331707746 0.23906724798520282 0.04063969069900279 0.025322587748271466
49 0.9728482931329907 0.7515744043686967 0.038442950661218736 0.022019641520236
0 0.3879662580730197 0.6772581142379002 0.05491850094459823 0.058352050028625466
0 0.45661438425376744 0.6767076231998942 0.056016870963490124 0.057251067952613734
0 0.5219674003778393 0.6772581142379002 0.052721760906814304 0.056150085876602
0 0.5900663415491411 0.678359096313912 0.05711524098238222 0.0583520500286256
0 0.38906462809191167 0.5803716915488616 0.06150872105795 0.06055401418064913
0 0.4560651992443215 0.5820231646628792 0.05931198102016608 0.06165499625666093
0 0.5214182153683933 0.5814726736248733 0.060410351039058105 0.05835205002862553
0 0.5900663415491412 0.5825736557008852 0.063705461095734 0.0627559783326728
1 0.3868678880541277 0.5776192363588321 0.07468916128465368 0.072664817016779
1 0.4577127542726594 0.5803716915488616 0.05821361100127405 0.0759677632448144
1 0.5236149554061772 0.5814726736248733 0.06700057115240975 0.07156383494076712
1 0.5977549316813848 0.583674637776897 0.07688590132243754 0.078169727396838
