1 0.020054517133956447 0.6366602010227471 0.02920560747663551 0.049594427790513214
1 0.0768431983385255 0.6146182331158525 0.02985462097611631 0.04739023099982376
1 0.22968587746625135 0.637762299418092 0.027907580477673912 0.049594427790513214
1 0.2848520249221184 0.6162713807088697 0.025311526479750768 0.04628813260447889
1 0.43964174454828664 0.6372112502204196 0.028556593977154737 0.046288132604478824
1 0.49318535825545173 0.6140671839181802 0.029205607476635483 0.050696526185857814
1 0.646352544132918 0.6372112502204196 0.029205607476635483 0.05069652618585788
1 0.703141225337487 0.6157203315111973 0.028556593977154817 0.04959442779051315
1 0.1972352024922119 0.5727384940927526 0.02790758047767395 0.04739023099982362
1 0.0768431983385255 0.5473902309998236 0.025960539979231576 0.03857344383706578
1 0.09209501557632405 0.3115411743960501 0.02660955347871236 0.04959442779051312
1 0.30042834890965736 0.31154117439605 0.027907580477673912 0.04739023099982359
1 0.4062175493250259 0.5727384940927526 0.027907580477673912 0.04739023099982362
1 0.6148753894080997 0.5738405924880973 0.03245067497403945 0.05179862458120261
1 0.49448338525441327 0.5473902309998236 0.027907580477673912 0.0429818374184447
1 0.7034657320872275 0.5468391818021513 0.026609553478712418 0.041879739023099966
1 0.5110332294911735 0.31374537118673956 0.027258566978193167 0.04739023099982365
1 0.7200155763239876 0.3120922235937224 0.027258566978193167 0.04628813260447886
0 0.12584371754932508 0.26139569740786456 0.02790758047767395 0.044083935813789464
0 0.33612409138110083 0.2602935990125198 0.027907580477673912 0.044083935813789464
0 0.544457424714434 0.26194674660553696 0.029205607476635483 0.0429818374184447
0 0.754088785046729 0.2624977958032093 0.02660955347871234 0.04408393581378943
0 0.7501947040498442 0.3831775700934579 0.030503634475596977 0.045186034209134224
0 0.5405633437175493 0.3837286192911303 0.02660955347871234 0.04849232939516842
0 0.33287902388369683 0.3815244225004408 0.03180166147455871 0.046288132604478956
0 0.12259865005192114 0.3826265208957855 0.027907580477673933 0.04849232939516842
52 0.027518172377985522 0.516531475930171 0.050623052959501556 0.1884588256039499
52 0.23130841121495332 0.5159804267324987 0.055815160955347866 0.17192734967377887
52 0.44483385254413293 0.5159804267324987 0.055815160955347824 0.17413154646446827
52 0.6551142263759087 0.5165314759301709 0.04543094496365533 0.17743784165050253
9 0.06256490134994815 0.44213983424440123 0.014278296988577369 0.03085875506965266
9 0.27187175493250265 0.4437929818374184 0.0175233644859813 0.027552459883618402
9 0.19496365524402914 0.4713454417210369 0.018172377985462083 0.03196085346499732
9 0.40589304257528563 0.4680391465350026 0.019470404984423734 0.034165050255686856
9 0.4792315680166148 0.4443440310350908 0.019470404984423657 0.02865455827896313
9 0.6129283489096573 0.4724475401163815 0.018172377985462083 0.03636924704637631
9 0.68918743509865 0.4437929818374184 0.01882139148494291 0.03196085346499739
29 0.08073727933541024 0.4437929818374184 0.018172377985462104 0.029756656674307862
29 0.289395119418484 0.4443440310350908 0.01882139148494287 0.030858755069652594
29 0.49772845275181726 0.44434403103509074 0.016225337487019768 0.033062951860342124
29 0.7083333333333334 0.44599717862810784 0.014278296988577448 0.03196085346499732
18 0.10280373831775708 0.4454461294304355 0.024662512980269984 0.041879739023099966
18 0.1719236760124611 0.4680391465350026 0.02660955347871238 0.03636924704637631
18 0.3134086188992732 0.44434403103509074 0.02531152647975081 0.041879739023099966
18 0.3822040498442368 0.4691412449303473 0.02660955347871234 0.0429818374184447
18 0.5210929387331256 0.44324193263974604 0.030503634475597056 0.03526714865103158
18 0.7316978193146418 0.4454461294304355 0.027258566978193243 0.041879739023099966
18 0.589563862928349 0.4724475401163815 0.028556593977154737 0.03636924704637631
27 0.15991692627206652 0.516531475930171 0.020768431983385266 0.020939869511550017
27 0.3682502596053998 0.5154293775348262 0.022066458982346798 0.018735672720860557
27 0.1664070612668744 0.38648386527949213 0.019470404984423657 0.02093986951154995
27 0.3740913811007269 0.3859328160818198 0.022066458982346798 0.01983777111620522
27 0.5850207684319834 0.38648386527949213 0.024662512980269943 0.03196085346499739
27 0.5762590861889927 0.516531475930171 0.022715472481827623 0.020939869511550017
27 0.7923805815160956 0.38648386527949213 0.018821391484942752 0.027552459883618402
33 0.15375129802699902 0.5738405924880973 0.039589823468328136 0.040777640627755234
33 0.3630581516095535 0.5738405924880973 0.0415368639667705 0.03857344383706578
33 0.34456126687435107 0.31264327279139476 0.039589823468328095 0.040777640627755206
33 0.13590342679127732 0.31264327279139476 0.04153686396677052 0.040777640627755206
33 0.5551661474558671 0.31264327279139476 0.038940809968847315 0.04518603420913413
33 0.5720404984423676 0.5743916416857696 0.042834890965732106 0.037471345441721045
33 0.7654465212876428 0.31484746958208426 0.040238836967808965 0.04077764062775517
0 0.12162512980269996 0.5209398695115499 0.02985462097611631 0.04739023099982362
0 0.3296339563862929 0.5214909187092223 0.030503634475597136 0.04849232939516835
0 0.5402388369678089 0.5231440663022394 0.03115264797507788 0.05400282137189207
6 0.5980010384215992 0.3870349144771644 0.012980269989615796 0.03526714865103158
6 0.8069833852544135 0.3853817668841473 0.012980269989615718 0.029756656674307862
6 0.5928089304257529 0.5148783283371539 0.010384215991692654 0.02204196790689475
6 0.38350207684319837 0.5137762299418092 0.013629283489096543 0.019837771116205286
6 0.38869418483904467 0.3853817668841473 0.007139148494288684 0.027552459883618402
6 0.1803608515057114 0.38427966848880263 0.007139148494288645 0.029756656674307862
6 0.17516874350986508 0.5154293775348262 0.008437175493250256 0.029756656674307862
1 0.02037902388369684 0.6873567272086052 0.028556593977154723 0.04518603420913416
1 0.02037902388369684 0.7341959090107564 0.025960539979231576 0.0440839358137895
1 0.02102803738317763 0.7821371892082524 0.028556593977154727 0.04739023099982362
1 0.02135254413291803 0.8295274202080761 0.03180166147455867 0.04739023099982362
1 0.019730010384216054 0.8791218479985892 0.031152647975077885 0.04739023099982376
1 0.020054517133956447 0.9254099806030682 0.03180166147455867 0.04518603420913416
1 0.07586967808930432 0.664763710104038 0.029205607476635524 0.046288132604478956
1 0.07651869158878512 0.712704990301534 0.02660955347871236 0.04959442779051308
1 0.07424714434060234 0.76064627049903 0.028556593977154716 0.046288132604478956
1 0.07522066458982353 0.8085875506965261 0.02790758047767395 0.04518603420913416
1 0.2283878504672898 0.6851525304179156 0.029205607476635524 0.04739023099982362
1 0.2283878504672898 0.7325427614177393 0.03309968847352024 0.04739023099982376
1 0.23001038421599174 0.7826882384059248 0.027258566978193125 0.05069652618585788
1 0.22806334371754938 0.8295274202080761 0.033748701973001026 0.04518603420913416
1 0.22903686396677053 0.8780197496032446 0.029205607476635524 0.04518603420913429
1 0.22903686396677053 0.9237568330100511 0.030503634475597095 0.046288132604478824
1 0.2848520249221184 0.663110562511021 0.029205607476635524 0.04739023099982362
1 0.28615005192108 0.7105007935108445 0.027907580477673912 0.04739023099982376
1 0.28615005192108 0.7584420737083406 0.03180166147455871 0.046288132604478956
1 0.28615005192108 0.8074854523011814 0.03180166147455871 0.04959442779051308
1 0.4380192107995847 0.6862546288132604 0.027907580477673912 0.04518603420913416
1 0.4380192107995846 0.7347469582084287 0.029205607476635483 0.04518603420913416
1 0.43866822429906543 0.7804840416152352 0.030503634475597136 0.041879739023100035
1 0.43769470404984423 0.8289763710104037 0.028556593977154737 0.04849232939516842
1 0.43899273104880593 0.8774687004055721 0.03245067497403945 0.046288132604478956
1 0.4383437175493251 0.9254099806030682 0.03115264797507788 0.04518603420913416
1 0.4948078920041537 0.6642126609063655 0.02985462097611631 0.04518603420913416
1 0.49545690550363447 0.7116028919061893 0.028556593977154737 0.0429818374184447
1 0.49448338525441327 0.758993122906013 0.027907580477673912 0.04739023099982376
1 0.4951323987538941 0.8074854523011813 0.029205607476635483 0.04739023099982362
1 0.6463525441329181 0.685703579615588 0.025311526479750768 0.04849232939516842
1 0.6473260643821391 0.7347469582084287 0.023364485981308452 0.04298183741844483
1 0.6476505711318795 0.784341385998942 0.029205607476635483 0.04518603420913429
1 0.6470015576323987 0.827874272615059 0.029205607476635562 0.046288132604478956
1 0.6476505711318795 0.8763666020102274 0.025311526479750768 0.04849232939516842
1 0.6473260643821391 0.925409980603068 0.028556593977154737 0.051798624581202546
1 0.7041147455867083 0.6642126609063655 0.029205607476635562 0.051798624581202546
1 0.703141225337487 0.7116028919061893 0.02985462097611631 0.04518603420913416
1 0.703141225337487 0.758993122906013 0.02985462097611631 0.04739023099982376
1 0.7024922118380061 0.8080365014988538 0.03115264797507796 0.046288132604478824
1 0.2851765316718588 0.5490433785928407 0.03115264797507788 0.04628813260447889
