1 0.29589191991187713 0.08992094861660081 0.08423508067128875 0.0702678963548529
1 0.20971295276355867 0.16293368467281516 0.07516361044514996 0.06697408871321915
1 0.4863927946607919 0.08552920509442254 0.0635002915829715 0.05489679402722882
1 0.6412557506641612 0.10144927536231887 0.07516361044515013 0.06038647342995171
1 0.7695522581481241 0.10254721124286345 0.0699799131730707 0.06258234519104085
1 0.8952569169960475 0.10309617918313574 0.07775545908118964 0.059288537549407126
0 0.6976284584980238 0.1936758893280633 0.07386768612713004 0.060386473429951674
0 0.770848182466144 0.19477382520860786 0.06479621590099134 0.06477821695212999
0 0.8408280956392146 0.19477382520860786 0.07257176180911029 0.0691699604743083
0 0.485096870342772 0.14920948616600793 0.0635002915829715 0.05270092226613966
1 0.29394803343484743 0.16183574879227056 0.07516361044514996 0.06258234519104082
1 0.20971295276355867 0.23320158102766803 0.07516361044514996 0.06258234519104085
1 0.2945959955938574 0.23484848484848486 0.07645953476316988 0.06587615283267456
0 0.13195749368236903 0.6043039086517348 0.07257176180911029 0.0625823451910408
37 0.23692736344197504 0.6075977162933685 0.025918486360396606 0.018664909969257813
37 0.28617248752672847 0.6339481774264384 0.03110218363247579 0.01646903820816864
30 0.25636622821227245 0.6608476064997804 0.028510334996436282 0.03074220465524811
1 0.3665197952439578 0.28205972771190163 0.03369403226851564 0.02415458937198067
