30 0.3026858793589655 0.3421354764638347 0.02665245202558636 0.027598692925903025
33 0.19048765389641661 0.2615472931201978 0.06190246922071668 0.12033030115693721
18 0.24250292317215769 0.2941137507727634 0.02837196505949514 0.04636580411551709
35 0.28678038379530923 0.29300980305572727 0.05158539101726394 0.05078159498366157
37 0.3284785748675975 0.27700256115870353 0.00945732168649838 0.027598692925903025
3 0.3276188183506431 0.2543716329594631 0.019774399889951114 0.015455268038505698
0 0.3284785748675975 0.21076569813653626 0.04384758236467434 0.04967764726662546
9 0.3469633399821171 0.29632164620683565 0.015475617305179138 0.022078954340722396
10 0.44239631336405527 0.2979775677823899 0.01891464337299676 0.02097500662368633
1 0.394249948414609 0.2212532014483794 0.0395487997799023 0.04857369954958931
33 0.46560973932182403 0.2670670317053785 0.02923172157644956 0.10266713768435926
40 0.5 0.29521769848979956 0.030951234610358404 0.044157908681444834
30 0.424341426508013 0.10699461273514085 0.020634156406905604 0.027598692925903015
