1 0.2655658847692141 0.08943827187818157 0.0797211112312182 0.06750475853215882
1 0.17571073397470544 0.1602629365676597 0.0729650848556912 0.060864946217520255
1 0.26624148740676684 0.1591563011818866 0.08107231650632371 0.06086494621752024
1 0.17773754188736354 0.23496082510734362 0.07701870068100741 0.06197158160329335
1 0.26489028213166144 0.23496082510734362 0.07836990595611285 0.06418485237483953
1 0.46892227867257597 0.08445841264220263 0.07566749540590216 0.05975831083174716
1 0.633769322235434 0.10050462573591253 0.08107231650632371 0.06307821698906643
1 0.7661874391957626 0.10105794342879906 0.08107231650632371 0.06861139391793192
1 0.8972543508809859 0.10105794342879906 0.08377472705653441 0.06639812314638571
0 0.6857907253269917 0.192908680447966 0.08242352178142906 0.05754504006020098
0 0.76551183655821 0.19346199814085252 0.07161387958058595 0.06307821698906645
0 0.841179331964112 0.1940153158337391 0.08242352178142906 0.06197158160329335
0 0.46892227867257597 0.1503032180957018 0.07836990595611285 0.054225133902881674
0 0.0946384174683818 0.6117701739630826 0.07566749540590208 0.058651675445974036
1 0.34596259863798506 0.27922624053826745 0.03242892660252952 0.035412332344739075
3 0.17908874716246886 0.6128768093488558 0.017565668576370107 0.029879155415873583
37 0.2040860447519187 0.6145367624275154 0.03242892660252952 0.017706166172369465
37 0.2588098583936871 0.6422026470718428 0.033780131877634866 0.017706166172369538
30 0.22705653442871043 0.6665486255588509 0.035131337152740215 0.030985790801646564
30 0.05883147767808886 0.7572927271922446 0.03918495297805642 0.03098579080164671
3 0.283807155983137 0.3395378690629011 0.01891687385147554 0.023239343101235
