1 0.13517519191305008 0.7686926200564972 0.07853867396316279 0.06620762711864417
1 0.2833852701983735 0.09337482344632769 0.0785386739631627 0.07062146892655366
1 0.19914620860885204 0.16785840395480225 0.07727192115730527 0.06951800847457625
1 0.4740315674799219 0.09116790254237289 0.06460439309873073 0.05737994350282486
1 0.6330090446150339 0.10606461864406781 0.07853867396316287 0.06731108757062147
1 0.7622178308124953 0.10496115819209041 0.08613919079830758 0.06951800847457627
1 0.886359605786527 0.10716807909604521 0.08867269641002258 0.06731108757062147
0 0.6881127916698336 0.2004104872881356 0.07220490993387542 0.06620762711864406
0 0.4733981910769932 0.15185822740112995 0.07600516835144785 0.05075918079096046
0 0.12124091104861798 0.6246910310734464 0.07347166273973302 0.06289724576271186
0 0.13644194471890755 0.8602798375706217 0.07347166273973302 0.0640007062146893
30 0.24474930961972077 0.6820709745762713 0.026601808923006707 0.025379590395480246
37 0.22448126472600133 0.6257944915254237 0.026601808923006707 0.020965748587570644
37 0.2751513769602999 0.6544844632768362 0.03420232575815158 0.018758827683615843
3 0.20104633781763828 0.6252427612994349 0.017734539282004583 0.02427612994350281
3 0.29731955106280566 0.35158456920903947 0.035469078564009 0.033103813559322015
1 0.2827518937954448 0.16841013418079098 0.08233893238073531 0.06400070621468924
1 0.19724607940006592 0.24068679378531077 0.07347166273973302 0.06731108757062146
1 0.2840186466013022 0.24289371468926557 0.08233893238073531 0.06510416666666666
0 0.7596843252007804 0.2004104872881356 0.06587114590458815 0.06620762711864406
0 0.8306224823287985 0.20151394774011303 0.07347166273973302 0.07062146892655366
1 0.3543234273263915 0.2897907838983051 0.032935572952294156 0.028689971751412413
