33 0.18278056093904263 0.33753315649867377 0.03656708231250228 0.08510167992926614
18 0.22254726295388888 0.36295313881520774 0.02651113467656416 0.03205128205128205
35 0.2664277617288916 0.36295313881520774 0.03930961348593995 0.03205128205128205
1 0.25317219439060956 0.1949602122015915 0.04570885289062786 0.051945181255526086
1 0.25180092880389077 0.26016799292661363 0.04662302994844044 0.05415561450044208
1 0.3212783851976451 0.1341732979664014 0.044794675832815364 0.05857648099027409
1 0.3203642081398325 0.1966180371352785 0.04845138406406558 0.05526083112290012
1 0.31990711961092627 0.26072060123784263 0.05119391523750315 0.05747126436781611
1 0.4090393827476506 0.0717285587975243 0.04479467583281524 0.053050397877984067
1 0.4072110286320255 0.1336206896551724 0.04662302994844041 0.0574712643678161
1 0.4085822942187443 0.1966180371352785 0.05119391523750315 0.05526083112290012
1 0.40766811716093176 0.26072060123784263 0.05302226935312832 0.05747126436781611
37 0.3034519325703003 0.3485853227232537 0.012798478809375818 0.02541998231653399
3 0.3025377555124877 0.3275862068965517 0.014626832925000987 0.014367816091953974
0 0.2284894138296705 0.3126657824933687 0.038395436428127455 0.04641909814323606
9 0.3189929425531137 0.36516357206012373 0.016455187040626033 0.025419982316534064
10 0.4094964712765569 0.36737400530503983 0.014626832925000865 0.018788682581786002
33 0.4296083665484331 0.33919098143236076 0.023768603503126467 0.0862068965517241
40 0.4593191209273413 0.3662687886825818 0.028339488792189206 0.036472148541114045
1 0.3660730610304604 0.3005083996463307 0.03199619702343942 0.03536693191865608
1 0.25042966321717186 0.6795977011494253 0.05302226935312829 0.05968169761273204
1 0.2513438402749844 0.7459106984969055 0.0566789775843785 0.05747126436781619
1 0.3203642081398325 0.6193633952254642 0.04845138406406558 0.05636604774535815
1 0.3203642081398325 0.6829133510167994 0.04845138406406558 0.059681697612732114
1 0.3203642081398326 0.7459106984969055 0.052108092295315794 0.059681697612732114
1 0.4085822942187443 0.557471264367816 0.0493655611218781 0.05857648099027408
1 0.4076681171609318 0.6188107869142352 0.0493655611218781 0.06189213085764811
1 0.4067539401031192 0.6807029177718833 0.051193915237503274 0.05968169761273218
1 0.4072110286320255 0.7425950486295313 0.052108092295315794 0.05526083112289997
5 0.07582184517497347 0.31100795755968175 0.029253665850001852 0.01878868258178604
1 0.36653014955936675 0.7840406719717065 0.025596957618751637 0.03868258178603011
33 0.18323764946794893 0.8254862953138815 0.03382455113906465 0.09725906277630411
18 0.22300435148279518 0.8486958443854995 0.029253665850001852 0.033156498673740015
35 0.26871320437342305 0.8492484526967287 0.04753720700625296 0.036472148541114045
37 0.3034519325703003 0.8337754199823165 0.012798478809375818 0.02320954907161807
3 0.3052802866859254 0.8122236958443855 0.016455187040626033 0.015473032714412045
9 0.32082129666873876 0.8525641025641025 0.016455187040626033 0.02541998231653399
10 0.4085822942187443 0.8520114942528736 0.02011189527187637 0.017683465959327967
33 0.4296083665484331 0.8238284703801946 0.029253665850001852 0.0895225464190981
40 0.4593191209273413 0.8525641025641025 0.028339488792189206 0.03647214854111419
0 0.23031776794529565 0.7995137046861184 0.03839543642812739 0.045313881520778025
