0 0.5890379278445883 0.1947153799526093 0.06475485661424601 0.06061607979280323
0 0.6532146160962071 0.19526643522345294 0.06359851988899169 0.06171819033449053
0 0.7173913043478259 0.19581749049429664 0.06475485661424601 0.06722874304292716
0 0.40113320999074925 0.15063095828511605 0.05666049953746526 0.05400341654267922
0 0.08371877890841813 0.6091089436270457 0.06706753006475483 0.06502452195955252
1 0.23115171137835336 0.09166804430484383 0.061285846438482804 0.06171819033449053
1 0.4017113783533765 0.08670854686725084 0.057816836262719745 0.05400341654267921
1 0.5410499537465309 0.10379126026340448 0.07284921369102691 0.0639224114178652
1 0.6549491211840888 0.10434231553424815 0.062442183163737355 0.06502452195955252
1 0.7665356151711377 0.10434231553424815 0.07053654024051811 0.06943296412630186
1 0.15252081406105455 0.16220311897283304 0.06822386679000923 0.0639224114178652
1 0.23115171137835339 0.16330522951452034 0.0682238667900093 0.06833085358461452
1 0.15367715078630897 0.2360445252658842 0.07053654024051803 0.06612663250123986
1 0.22941720629047174 0.23549346999504053 0.06938020351526362 0.0672287430429272
3 0.24444958371877892 0.3440513583512427 0.02775208140610539 0.03085909516724532
3 0.15772432932469935 0.6107621094395768 0.013876040703052771 0.02645065300049596
37 0.17969472710453283 0.6091089436270457 0.0300647548566142 0.020940100292059255
37 0.22132284921369103 0.6377638177109164 0.030064754856614275 0.01873587920868472
30 0.19299259944495836 0.6642144707114122 0.026595744680851064 0.02975698462555798
5 0.27624884366327473 0.8906981870281587 0.021970397779833447 0.04408442166749319
1 0.2935938945420906 0.28398633382928307 0.026595744680851064 0.02314432137543397
