2 0.13632750397456284 0.20952023988006 0.055643879173290924 0.09039597848134756
1 0.42580816110227876 0.08054061204691777 0.058293587705352395 0.09701031837022667
1 0.4248145204027557 0.6736264220830762 0.060280869104398484 0.1058294382220654
0 0.5003312135665077 0.07613105212099838 0.052331743508214026 0.08598641855542816
0 0.6059883412824589 0.07502866213951853 0.0529941706412294 0.09260075844430726
0 0.5 0.6747288120645559 0.05961844197138321 0.09039597848134749
3 0.5447138314785374 0.20786665490784026 0.0231849496555379 0.05622188905547226
3 0.5430577636459989 0.8037084398976981 0.01854795972443034 0.04630037922215362
37 0.6881293057763646 0.5022047799629598 0.02517223105458394 0.040788429314754446
30 0.6367912029676736 0.8020548549254785 0.0231849496555379 0.045197989240673746
30 0.6901165871754107 0.8031572449069583 0.0264970853206147 0.03858364935179471
30 0.6649443561208267 0.855520769027251 0.02517223105458394 0.037481259370314844
30 0.6871356650768415 0.9404047976011993 0.033783783783783786 0.044095599259194054
33 0.6629570747217806 0.7651247905459035 0.026497085320614806 0.12567245788870268
