33 0.2310729847494554 0.3141550101170054 0.05219680464778506 0.09127298319697373
18 0.2821350762527233 0.3372481745403361 0.034041394335512044 0.03408990938682149
35 0.3303603848946986 0.33669833729216153 0.04425381263616555 0.03958828186856695
37 0.3746141975308642 0.32185273159144895 0.014751270878721894 0.01649511744523624
3 0.3740468409586057 0.3031582651535146 0.024963689179375536 0.01649511744523624
0 0.3757489106753813 0.2690683557666931 0.048792665214233796 0.04508665435031231
1 0.44723583877995643 0.2767660772411366 0.04198438634713142 0.038488607372217806
9 0.3922022512708787 0.33889768628485967 0.02269426289034127 0.015395442948887094
10 0.49546114742193176 0.33889768628485967 0.02042483660130714 0.01979414093428341
33 0.5198574800290485 0.3119556611243072 0.030637254901960783 0.08467493621887925
40 0.5538988743645606 0.33724817454033607 0.035176107480029035 0.03628925837951972
30 0.34794843863471314 0.37408727016803034 0.027233115468409525 0.0285915369050761
30 0.4767383805374001 0.1838435822996393 0.023828976034858403 0.03299023489047241
30 0.4761710239651416 0.635259963050937 0.024963689179375397 0.027491862408727023
30 0.34794843863471314 0.8227544646784551 0.024963689179375536 0.019794140934283545
33 0.23050562817719683 0.7622723673792556 0.04879266521423394 0.08797395970792639
18 0.2798656499636892 0.785915369050761 0.036310820624546034 0.038488607372217806
35 0.3292256717501816 0.7837160200580628 0.04879266521423394 0.03628925837951965
37 0.3729121278140886 0.7705199261018739 0.01588598402323889 0.02309316442333071
3 0.3740468409586057 0.7485264361748922 0.018155410312273017 0.01429576845253795
9 0.39276960784313725 0.7864652062989356 0.01929012345679015 0.019794140934283545
0 0.3734794843863471 0.7188352247734671 0.046523238925199675 0.040687956364916095
1 0.44383169934640515 0.7243335972552125 0.03744553376906316 0.03408990938682149
10 0.4937590777051562 0.7864652062989356 0.02609840232389253 0.021993489926981566
33 0.5221269063180828 0.7639218791237793 0.030637254901960783 0.08027623823348291
40 0.5556009440813362 0.7859153690507609 0.024963689179375397 0.031890560394123336
