1 0.20649895178197064 0.1709725939525316 0.05590496156533887 0.061934570550111714
1 0.2055006488968753 0.24009599858435268 0.055904961565338925 0.06525249397243911
1 0.28835978835978837 0.1018491893207105 0.05590496156533887 0.05861664712778426
1 0.28786063691724073 0.1720785684266407 0.054906658680243546 0.057510672653675154
1 0.28835978835978837 0.2400959985843527 0.05590496156533887 0.06082859607600255
1 0.3926824398522512 0.03604370811121683 0.052910052910052914 0.05972262160189343
1 0.3931815912947989 0.1035081510318742 0.05590496156533887 0.06193457055011167
1 0.39368074273734655 0.170419606715477 0.054906658680243546 0.06525249397243914
1 0.39168413696715587 0.2395430113472981 0.0628930817610062 0.0619345705501117
1 0.3941798941798942 0.5658054812094937 0.0579015673355295 0.06414651949832993
1 0.39368074273734655 0.6343758986042601 0.056903264450434185 0.06414651949832999
1 0.39268243985225115 0.7040522904731357 0.0569032644504343 0.06193457055011163
1 0.3941798941798942 0.7726227078679023 0.05390835579514823 0.06193457055011176
1 0.28935809124488376 0.633269924130151 0.05989817310572026 0.06193457055011163
1 0.28786063691724073 0.7046052777101903 0.056903264450434185 0.06304054502422074
1 0.2893580912448837 0.7720697206308477 0.05590496156533887 0.060828596076002515
1 0.20550064889687536 0.7012873542878628 0.05989817310572032 0.06304054502422088
1 0.207497254667066 0.7715167333937932 0.05989817310572032 0.06193457055011163
33 0.12363981231905762 0.32249109690548344 0.03993211540381354 0.10838549846269549
18 0.17355495657382453 0.35456435665464836 0.02994908655286013 0.04202703001614723
35 0.22297094938604375 0.35511734389170296 0.0429270240590995 0.03649715764560159
37 0.26789457921533394 0.3368687650689022 0.012977937506239368 0.02654338737861929
3 0.2683937306578816 0.31309031387555575 0.019966057701906834 0.014377668163418759
9 0.2893580912448837 0.3562233183658121 0.019966057701906712 0.025437412904510175
10 0.3951781970649895 0.35788228007697587 0.01597284616152544 0.019907540533964468
1 0.3412698412698413 0.2854409520228274 0.03593890386343227 0.038709106593819854
33 0.4196366177498253 0.32691499480191993 0.02895078366776481 0.09290185582516758
18 0.4560746730558052 0.3545643566546484 0.027952480782669372 0.037603132119710704
33 0.1206449036637716 0.8633126147448515 0.0519117500249576 0.10396160056625893
18 0.1725566536887292 0.8854321042270343 0.02994908655286013 0.03539118317149247
35 0.22446840371368673 0.887091065938198 0.04392532694419481 0.034285208697383225
37 0.2693920335429769 0.8671835254042336 0.01197963462114405 0.021013515008073583
3 0.2683937306578816 0.8489349465814329 0.015972846161525323 0.017695591585746236
9 0.29085554557252674 0.887091065938198 0.022960966357192785 0.02322546395629181
10 0.3926824398522512 0.8887500276493617 0.018967754816811396 0.022119489482182696
33 0.42013576919237294 0.858888716848415 0.02994908655286013 0.09511380477338574
18 0.4545772187281622 0.8887500276493617 0.0329439952081462 0.037603132119710704
1 0.3422681441549366 0.8174146740693223 0.03793550963362291 0.04534495343847464
0 0.17804731955675354 0.8301333805215775 0.04292702405909956 0.048662876860801986
0 0.17754816811420587 0.29815965847508236 0.04592193271438551 0.050874825809020315
