2 0.08147912693367242 0.9386352587616564 0.06260956674179811 0.07181685596853313
0 0.16768768421660987 0.8590842798426658 0.05971989443063827 0.06739735713970042
1 0.1672060721647499 0.7646174923763646 0.06646246315667806 0.07734122950457417
30 0.3492554277678245 0.7905820479957572 0.018301257970679462 0.029831617094621433
30 0.39308212448708324 0.6999823220046847 0.025043826696719246 0.029831617094621433
37 0.37863376293128365 0.6425288372298581 0.025043826696719382 0.01657312060812306
37 0.4166811150282225 0.6712555796172713 0.026007050800439198 0.016573120608122983
3 0.35792444470130425 0.6414239625226499 0.016374809763239427 0.025412118265788642
3 0.4364272091544819 0.35857603747735 0.015411585659519476 0.03867061475228705
0 0.2957964900113661 0.6419763998762539 0.055866998015758396 0.06629248243249217
1 0.3559979964938643 0.24864100411013385 0.06068311853435822 0.06850223184690855
1 0.3569612205975843 0.17295708666637202 0.06068311853435822 0.07181685596853317
1 0.4210156234949624 0.0939585451009855 0.05971989443063813 0.06408273301807575
1 0.5732050318827179 0.0917487956865691 0.05201410160087853 0.05745348477482654
1 0.6955344930551542 0.10776947894108803 0.05971989443063827 0.06518760772528397
1 0.7947465757383113 0.10942679100190034 0.057793446223198236 0.06408273301807575
1 0.8949218825251883 0.10942679100190034 0.05971989443063827 0.06629248243249217
0 0.5722418077789979 0.15583152870464484 0.05008765339343849 0.055243735360410114
0 0.7374347415669731 0.20555089052901399 0.05683022211947841 0.06408273301807572
1 0.42294207170240233 0.1707473372519556 0.061646342638078166 0.06739735713970034
1 0.42390529580612224 0.24532637998850923 0.067425687260398 0.06850223184690855
1 0.25341462944768733 0.7640650550227605 0.06549923905295804 0.076236354797366
0 0.2519697932921074 0.8618464666106864 0.06068311853435822 0.06408273301807572
0 0.7937833516345915 0.20555089052901399 0.05586699801575833 0.06629248243249217
0 0.8486871255466298 0.20499845317540988 0.05394054980831843 0.06739735713970038
1 0.47640100945886077 0.2978079285808989 0.027933499007879233 0.03425111592345426
