1 0.4351604844173441 0.21266453735965932 0.06298695799457985 0.143970189701897
0 0.43436653116531165 0.21810878823073945 0.0412855691056911 0.10162601626016263
0 0.5124386009485095 0.21084978706929927 0.05028370596205948 0.11856368563685635
0 0.5140265074525745 0.63187185443283 0.05451812330623301 0.13066202090592338
42 0.7347455115176151 0.39837398373983746 0.018525575880758736 0.04597367402245448
1 0.26075542005420055 0.7226093689508323 0.4012110433604335 0.42586140147115753
42 0.29277820121951226 0.8587156407278357 0.01958418021680217 0.03508517228029424
42 0.3621167852303523 0.8569008904374757 0.020642784552845503 0.03871467286101441
29 0.5423441734417344 0.3971641502129307 0.014820460704606988 0.036295005807200964
29 0.5418148712737126 0.46793941153697255 0.013761856368563603 0.032665505226480845
27 0.5584878895663956 0.40079365079365076 0.01111534552845524 0.03387533875338757
27 0.557958587398374 0.46612466124661245 0.01111534552845524 0.031455671699574174
