5 0.3600513054631623 0.22939595365224652 0.014674232048522787 0.04964101073940891
25 0.6616882975716862 0.9213432131052268 0.029891954172916804 0.05569479253689786
25 0.6635905128372356 0.6525553012967201 0.027174503793560654 0.04358722894192008
3 0.5497293419422161 0.6489230322182268 0.009239331289810594 0.021793614470959923
3 0.7065262288310614 0.6519499231169712 0.010869801517424284 0.030268908987444495
3 0.751092415052501 0.6113895850737956 0.013043761820909203 0.016950589032968907
3 0.8046261875258158 0.5605378179748889 0.013587251896780327 0.016950589032968907
3 0.8038109524120088 0.8256934607049023 0.013043761820909097 0.016950589032968907
3 0.7084284440966108 0.9146840531279892 0.010326311441553054 0.03269042170644
3 0.7513641600904367 0.8765452278038092 0.0168481923520076 0.019372101751964417
1 0.735331202852236 0.9158948094874868 0.04130524576621232 0.061748574334386686
1 0.7347877127763647 0.6471068976789802 0.043479206069697136 0.06417008705338231
3 0.4891301984825757 0.5078699163367356 0.014130741972651557 0.018161345392466662
28 0.48885845344464 0.4176685675541511 0.019022152655492522 0.05811630525589336
28 0.5663057892562882 0.6513445449372224 0.027174503793560654 0.036322690784933324
28 0.6296223830952846 0.6458961413194824 0.025544033565947175 0.03753344714443114
28 0.6296223830952846 0.9092356495102493 0.027717993869431884 0.04600874166091559
28 0.8668558012130698 0.5708292470306201 0.0260875236418183 0.03995495986342664
28 0.8690297615165546 0.8402225370188757 0.029348464097045574 0.04600874166091559
1 0.6000021739603034 0.4321976438681245 0.04565316637318206 0.09928202147881782
1 0.8323441813952477 0.5768830288281089 0.02880497402117445 0.04479798530141778
1 0.8318006913193764 0.8353795115808847 0.02663101371768953 0.05327327981790223
0 0.5654905541424814 0.5351119344254357 0.03858779538685628 0.08233143244584898
0 0.6048935846431444 0.5357173126051844 0.038044305310985044 0.08596370152434224
1 0.512500271745038 0.6059411814560557 0.0652188091045458 0.14650151949923124
