28 0.10885207496653278 0.15036651234567897 0.019871151271753686 0.10448816872427982
28 0.1943503179384203 0.4999999999999999 0.026669176706827308 0.04822530864197531
28 0.26128472222222215 0.5032150205761317 0.026669176706827308 0.04822530864197531
28 0.2631149598393574 0.9155414094650206 0.03137550200803212 0.04661779835390935
28 0.5175179886211513 0.3947080761316871 0.030852576974565057 0.04983281893004118
28 0.5188253012048192 0.7998006687242798 0.026146251673360123 0.05304783950617292
1 0.22834044511378845 0.18412422839506168 0.04235692771084337 0.1366383744855967
1 0.37475945448460507 0.5064300411522633 0.04863202811244979 0.08680555555555555
1 0.37475945448460507 0.9147376543209876 0.04863202811244979 0.09323559670781886
1 0.47960592369477906 0.8006044238683127 0.026146251673360068 0.08037551440329233
1 0.4803903112449799 0.39711934156378587 0.02562332663989294 0.07394547325102883
25 0.2973665495314592 0.508037551440329 0.03189842704149931 0.06430041152263377
25 0.29710508701472554 0.9203639403292181 0.03137550200803212 0.07555298353909452
0 0.1914742302543507 0.33362268518518506 0.04078815261044176 0.12056327160493827
0 0.23043214524765726 0.33603395061728386 0.039219377510040156 0.12217078189300414
3 0.10937499999999997 0.2982574588477365 0.014641900937081669 0.02732767489711931
3 0.17474062918340025 0.5048225308641975 0.01045850066934406 0.03536522633744859
3 0.34469126506024095 0.5048225308641975 0.013596050870147217 0.045010288065843645
3 0.3920159805890227 0.4485596707818929 0.013073125836680034 0.025720164609053436
3 0.34469126506024095 0.9131301440329218 0.01255020080321285 0.045010288065843736
3 0.3928003681392235 0.859278549382716 0.013596050870147274 0.024112654320987654
3 0.4482304216867469 0.7861368312757201 0.01568775100401606 0.025720164609053527
3 0.449537734270415 0.3746141975308641 0.012027275769745667 0.03536522633744859
