30 0.17335973929833395 0.1373784703304154 0.024421701734703975 0.07627765064836003
3 0.17183338293991496 0.24574116450546654 0.01831627630102795 0.019372101751964466
28 0.17450450656714822 0.5417710944026733 0.029763948989170515 0.06901311249137335
28 0.303100029763949 0.8214558134466601 0.04426433439415103 0.04721949802041337
28 0.4072738512260458 0.822061191626409 0.04350115621494145 0.04843025437991113
28 0.8151925880135236 0.6991694211373845 0.04579069075257 0.04721949802041337
28 0.8163373552823378 0.32262419333357545 0.0511329380070365 0.04479798530141782
28 0.40574749486762673 0.4128255421161599 0.04655386893177949 0.036322690784933345
28 0.30348161885355374 0.40737713849841994 0.04350115621494154 0.03995495986342662
25 0.4645122146667583 0.41464167665540663 0.052659294365455474 0.06417008705338226
25 0.46756492738359623 0.7966353080769557 0.052659294365455474 0.053273279817902155
3 0.5438827453045463 0.789370769919969 0.01297402904656145 0.036322690784933276
3 0.6175294395982631 0.7403351373603091 0.01984263265944701 0.02784739626844898
3 0.7068212865657746 0.6840349666436623 0.01984263265944701 0.02179361447095991
3 0.7083476429241935 0.3074897388398532 0.01984263265944701 0.0242151271899556
3 0.5431195671253367 0.40798251667816887 0.016026741763399487 0.03874420350392886
3 0.6167662614190536 0.36742217863499327 0.02442170173470411 0.020582858111462224
3 0.27371766986438323 0.4122201639364111 0.01297402904656154 0.03511193442543559
3 0.27486243713319747 0.8202450570871624 0.015263563584190001 0.042376472582422345
0 0.30119208431592526 0.6791919412056713 0.06181743251596949 0.11381109779279121
0 0.3645358731903137 0.6840349666436623 0.06029107615755043 0.09928202147881778
0 0.29928413886790145 0.27237780441441767 0.06868603612885496 0.09928202147881784
0 0.36529905136952323 0.27419393895366434 0.06334378887438856 0.10291429055731119
1 0.3603383932046615 0.15493443754313316 0.06868603612885496 0.10654655963580449
1 0.359575215025452 0.560537817974889 0.06563332341201701 0.11381109779279121
1 0.588528668788302 0.7905815262794668 0.07631781792095 0.07264538156986669
1 0.5919629705947448 0.41282554211615996 0.07555463974174043 0.07264538156986669
1 0.7568094573039967 0.3280725969513155 0.04197479985652257 0.048430254379911164
1 0.7556646900351826 0.7003801774968824 0.04426433439415094 0.04964101073940889
1 0.21228182643801852 0.3625791531970021 0.11142401416458707 0.18040269756516902
1 0.2134265937068327 0.7736309372464979 0.1045554105517015 0.17919194120567114
3 0.17107020476070547 0.6537660576562178 0.02594805809312299 0.01937210175196454
