37 0.45844707309675464 0.3204435438477991 0.01637852593266603 0.03602386581109983
3 0.48513800424628445 0.3193177980412023 0.015165301789505639 0.03377237419790613
0 0.589171974522293 0.2163120567375887 0.03397027600849259 0.06641900258921538
0 0.6725811343645737 0.23263537093324332 0.03700333636639368 0.07429922323539345
0 0.5509554140127388 0.5788022064617809 0.03397027600849259 0.06641900258921543
0 0.7502274795268424 0.578802206461781 0.04913557779799816 0.07542496904199043
25 0.6468001213224143 0.7183946864797929 0.03275705186533213 0.03714961161769674
27 0.5503488019411585 0.6621073961499493 0.010919017288444018 0.03714961161769674
27 0.6131331513497117 0.7155803219633007 0.018804974218986952 0.03152088258471246
27 0.7508340915984226 0.66548463356974 0.016378525932666102 0.03714961161769674
27 0.7353654837731269 0.3226950354609929 0.019411586290567114 0.02926939097151863
27 0.8336366393691232 0.3210064167510976 0.025477707006369425 0.03039513677811551
27 0.8336366393691232 0.21912642125408086 0.020624810433727575 0.033772374197906095
25 0.5382165605095541 0.3243836541708882 0.02911737943585074 0.03714961161769674
31 0.589171974522293 0.3074974670719352 0.025477707006369425 0.06641900258921533
55 0.6898695784046102 0.6981312619610492 0.030330603579011132 0.077676460655184
42 0.2928419775553533 0.7161431948665992 0.016378525932666064 0.039401103230890376
3 0.36381558993023955 0.7189575593830914 0.01637852593266603 0.04052684903748726
0 0.36320897785865935 0.6502870651806822 0.0394297846527146 0.07204773162219971
0 0.416287534121929 0.6542271755037714 0.041249620867455296 0.077676460655184
1 0.36229905975128907 0.5512214342001577 0.04367606915377615 0.07880220646178095
3 0.4860479223536548 0.7150174490600023 0.012132241431604482 0.03489812000450298
2 0.2534121929026387 0.7150174490600023 0.04549590536851684 0.0844309354947653
53 0.8748862602365786 0.7167060677698975 0.08856536245071275 0.27017899358324904
1 0.6725811343645737 0.3210064167510976 0.03093721565059151 0.05741303613644034
1 0.9285714285714284 0.3238207812675898 0.060054595086442175 0.06754474839581215
3 0.9291780406430087 0.6446583361476979 0.01152562936002425 0.04052684903748726
3 0.9467697907188352 0.6058201058201058 0.015165301789505639 0.025892153551727977
3 0.9640582347588715 0.6322751322751323 0.014558689717925406 0.036023865811099856
3 0.9291780406430087 0.7628616458403694 0.01152562936002425 0.036023865811099856
6 0.9777070063694265 0.9277834065068108 0.04306945708219599 0.07992795226837776
