1 0.42528609956993946 0.38549618320610685 0.03766066525742885 0.1047747343212094
1 0.5437349661054012 0.5224517287831164 0.04373496610540129 0.12722646310432567
1 0.6883033262871444 0.5950456518485256 0.04859440678377908 0.1167489896722047
1 0.8025001822290254 0.5935488699296512 0.04252010593580672 0.09878760664571161
1 0.9042447214325632 0.6010327795240232 0.04312753602060411 0.09280047897021408
0 0.42589352965473676 0.5830713964975304 0.04859440678377923 0.07783265978146986
0 0.5422163908934081 0.7275108516689118 0.0358383750030371 0.08831013321359082
0 0.6910367616687321 0.7971112108965723 0.0370532351726316 0.08681335129471646
0 0.8034113273562212 0.7948660380182607 0.04312753602060411 0.0942972608890887
0 0.90272614622057 0.7948660380182607 0.04252010593580672 0.08831013321359091
27 0.44715358262264016 0.8435114503816794 0.02308234322229518 0.035922766052986214
27 0.3651505211750128 0.6945816494536746 0.021867483052700608 0.04041311180960938
3 0.3305270063415701 0.6938332584942374 0.009718881356755802 0.029935638377488423
3 0.32870471608717833 0.8375243227061817 0.014578322035133739 0.04490345756623272
37 0.3038000826104916 0.6915880856159257 0.021867483052700646 0.0583744948361024
37 0.3019777923560998 0.8375243227061817 0.01579318220472824 0.050890585241730166
