1 0.025984737252342946 0.3423996515599569 0.04048313907468837 0.07335579854663822
1 0.17764545229333967 0.07935034270912135 0.05015075437610647 0.07450198289892947
1 0.4555893922091105 0.2719093138940467 0.048942302463429184 0.07908672030809435
1 0.6510564890846581 0.4398253215047109 0.06646485519724958 0.07564816725122064
1 0.6477332463247956 0.694851339889508 0.07552824454232901 0.06533250808059969
0 0.025682624274173633 0.4335213075671091 0.03625355738031794 0.0630401393760172
0 0.07190590993407901 0.4329482153909635 0.03444087951130205 0.06418632372830844
0 0.17976024314052488 0.16989890654012793 0.033836653554963424 0.06991724548976457
0 0.24773566322862098 0.1733374595970016 0.0356493314239793 0.06304013937601723
0 0.4592147479471423 0.3653233386057813 0.03806623524933377 0.0710634298420558
0 0.5036253557380318 0.36360406207734447 0.03987891311834975 0.06762487678518211
6 0.48791548087322734 0.09597001581734409 0.04471272076905877 0.06877106113747335
6 0.8924447586419416 0.7951424707149899 0.04531694672539738 0.06877106113747337
6 0.892746871620111 0.5406895445063384 0.048338076507090495 0.07335579854663822
3 0.786705216282681 0.43581367627169154 0.015105648908465743 0.035531714921027864
3 0.7873094422390197 0.6908396946564886 0.015105648908465896 0.029800793159571758
27 0.7084579549368282 0.6885473259519062 0.01933523060283623 0.03209316186415411
27 0.6540776188663512 0.600291130825482 0.01933523060283623 0.03209316186415419
27 0.5873106506909324 0.6908396946564886 0.02598171612256115 0.03667789927331911
27 0.5891233285599483 0.43581367627169154 0.017522552733820328 0.035531714921027864
27 0.7096664068495054 0.4398253215047109 0.025377490166222618 0.03897026797790153
27 0.6555881837571977 0.3487036654975586 0.02114790847185213 0.02865460880728051
27 0.7613277261164584 0.43466749191940035 0.018731004646497545 0.033239346216445434
27 0.0903348016024073 0.2684707608371731 0.021752134428190767 0.026362240102698085
