3 0.08501675592721351 0.04821200510855682 0.016703728063307135 0.03831417624521075
3 0.1460897616586802 0.04821200510855682 0.01983567707517722 0.03831417624521075
3 0.21212168665894118 0.05220306513409959 0.02453360059298232 0.049489144316730516
3 0.2734556881413971 0.05140485312899104 0.024011609091004003 0.04150702426564493
3 0.385944856817731 0.05459770114942528 0.019313685573198812 0.038314176245210725
3 0.45014981156106787 0.05300127713920816 0.01618173656132876 0.04150702426564497
3 0.5093958470356102 0.05379948914431671 0.024011609091004003 0.04629629629629628
3 0.5762107592888388 0.05459770114942527 0.018791694071220454 0.044699872286079176
3 0.6370227692693163 0.05060664112388249 0.019313685573198888 0.05268199233716473
3 0.704098677273534 0.053001277139208144 0.026099575098917343 0.04789272030651341
30 0.08188480691534343 0.5151660280970626 0.017747711067263833 0.06864623243933596
30 0.15078768517648533 0.519955300127714 0.024011609091004003 0.07822477650063864
30 0.21316566966289788 0.5263409961685824 0.017225719565285468 0.06864623243933596
30 0.2758046499002996 0.5303320561941252 0.022445634585068937 0.07024265644955296
30 0.3841178865608068 0.527139208173691 0.017747711067263822 0.07024265644955296
30 0.4517157860670029 0.5327266922094509 0.022445634585068937 0.07503192848020437
30 0.5101788342885779 0.5287356321839081 0.016181736561328836 0.06385696040868455
30 0.5730788102769687 0.527139208173691 0.015659745059350406 0.07024265644955296
30 0.6362397820163488 0.5311302681992338 0.019835677075177166 0.07183908045977011
30 0.6988787622537506 0.5311302681992338 0.02296762608704729 0.07503192848020437
0 0.05943917233027447 0.6085568326947637 0.03445143913057095 0.10217113665389531
0 0.12051217806174115 0.6061621966794382 0.03758338814244105 0.10057471264367818
0 0.18628310731101297 0.6221264367816093 0.03340745612661427 0.09418901660280975
0 0.2491830832994039 0.6205300127713921 0.036017413636506006 0.09418901660280975
0 0.3585403029638678 0.6245210727969348 0.03549542213452773 0.10536398467432957
0 0.42352824496017205 0.618933588761175 0.03392944762859258 0.09418901660280975
0 0.4859062294465846 0.6197318007662835 0.034451439130570936 0.10536398467432946
0 0.5480232181820079 0.6181353767560666 0.0386273711463977 0.09897828863346103
0 0.6106621984194097 0.6181353767560666 0.02923152411078747 0.09897828863346103
0 0.675389144664725 0.6149425287356323 0.032363473122657596 0.09897828863346103
27 0.08214580266633259 0.7171136653895275 0.019313685573198867 0.07982120051085566
27 0.14791673191560442 0.7083333333333334 0.02035766857715556 0.07183908045977011
27 0.21447064841784375 0.7187100893997446 0.02192364308309062 0.060664112388250285
27 0.2752826583983213 0.723499361430396 0.022445634585068937 0.07343550446998724
27 0.38698883982168775 0.7211047254150703 0.022445634585068937 0.06864623243933583
27 0.44884483280612203 0.7123243933588762 0.017747711067263822 0.0766283524904215
27 0.5112228172925346 0.7155172413793103 0.02140165158111223 0.06385696040868455
27 0.5728178145259796 0.7195083014048531 0.019313685573198888 0.07822477650063864
27 0.6372837650203055 0.7227011494252874 0.02714355810287405 0.07503192848020437
27 0.702532702767599 0.7179118773946361 0.024011609091004003 0.07822477650063853
