57 0.872983870967742 0.23564954682779457 0.04166666666666667 0.1148036253776435
1 0.9240591397849464 0.03814199395770393 0.08467741935483872 0.03700906344410876
1 0.9254032258064517 0.07854984894259819 0.09274193548387097 0.03474320241691843
0 0.9180107526881721 0.1216012084592145 0.0913978494623656 0.03172205438066465
1 0.49932795698924737 0.4414652567975831 0.11155913978494625 0.03851963746223565
1 0.5020161290322581 0.48527190332326287 0.13575268817204303 0.03700906344410876
0 0.5033602150537635 0.5249244712990937 0.11155913978494625 0.03323262839879154
29 0.694220430107527 0.18957703927492447 0.06048387096774194 0.022658610271903322
29 0.6975806451612904 0.23036253776435045 0.05913978494623656 0.0256797583081571
29 0.6955645161290324 0.2722809667673716 0.05241935483870968 0.0324773413897281
28 0.7620967741935485 0.1884441087613293 0.051075268817204304 0.027945619335347432
28 0.7620967741935485 0.22998489425981872 0.05376344086021506 0.024924471299093656
28 0.7607526881720431 0.2707703927492447 0.06720430107526883 0.035498489425981876
0 0.497983870967742 0.44222054380664655 0.0685483870967742 0.02190332326283988
0 0.9220430107526882 0.04003021148036254 0.06451612903225806 0.02416918429003021
3 0.8434139784946237 0.19146525679758308 0.0228494623655914 0.015861027190332326
3 0.8454301075268817 0.23527190332326284 0.024193548387096777 0.014350453172205438
3 0.8461021505376345 0.2756797583081571 0.025537634408602152 0.013595166163141994
