28 0.7457256988472025 0.40383552558859304 0.03232142413167253 0.027633469658450278
28 0.7440681899173731 0.49557864485464803 0.038951459850989814 0.027633469658450347
28 0.7444825671498305 0.5900851110865482 0.03480768752641654 0.02431745329943628
29 0.6910279041628337 0.40604620316126905 0.03729395092116054 0.03205482480380237
29 0.6893703952330041 0.49723665303415504 0.03895145985098992 0.0287388084447883
29 0.6910279041628337 0.5934011274455622 0.033978933061501904 0.0287388084447883
3 0.824457373014097 0.40162484801591697 0.014088825903549521 0.03205482480380237
3 0.825700504711469 0.497789322427324 0.013260071438634988 0.036476179949154454
3 0.8240429957816396 0.58897977230021 0.014917580368464259 0.035370841162816365
3 0.9533286923083298 0.33143583508345315 0.00994505357897624 0.048634906598872596
1 0.8994596520888756 0.060627832430640016 0.07624541077215057 0.06853100475295679
1 0.9007027837862475 0.15016027412401903 0.07541665630723583 0.07516303747098485
0 0.898630897623961 0.24079805460373607 0.07293039291249181 0.06189897203492872
57 0.8472481207992507 0.5 0.021547616087781753 0.23543716148999658
