3 0.038691738250723924 0.47346587452594524 0.01635630081054558 0.025886951682004725
3 0.08927511297963338 0.4728187007338951 0.018173667567272858 0.029769994434305364
3 0.14167585446527012 0.4754073959020956 0.017567878648363757 0.032358689602505854
3 0.1949852793292705 0.4767017434861957 0.017567878648363757 0.02200390892970402
3 0.28191598919272565 0.47734891727824585 0.021808401080727416 0.02329825651380423
3 0.33552830851618054 0.4773489172782459 0.023625767837454674 0.02847564685020515
3 0.3882319444612719 0.47929043865439624 0.026048923513091078 0.02718129926610494
3 0.43851242473072677 0.4754073959020956 0.022414189999636566 0.024592604097904446
3 0.48849001054072716 0.48058478623849643 0.02423155675636379 0.024592604097904446
3 0.5399820686480002 0.4786432648623461 0.025443134594182022 0.031064342018405577
30 0.03869173825072392 0.7413958244346937 0.013933145134909194 0.044007817859407904
30 0.08927511297963338 0.7388071292664932 0.012115778378181894 0.04141912269120748
30 0.14167585446527012 0.7478675623551948 0.013933145134909182 0.03365303718660607
30 0.19316791257254323 0.7465732147710946 0.016356300810545586 0.038830427523007055
30 0.2837333559494529 0.7504562575233953 0.024231556756363758 0.04400781785940804
30 0.33613409743508976 0.7459260409790446 0.017567878648363757 0.03753607993890677
30 0.38671747216399915 0.7498090837313451 0.01696208972945464 0.04271347027530776
30 0.4345747967578177 0.7485147361472448 0.01696208972945464 0.053068250948109595
30 0.4863697493245453 0.7504562575233953 0.01877945648618199 0.04659651302760846
30 0.536044440675091 0.7478675623551948 0.017567878648363757 0.04141912269120748
0 0.018397809467269228 0.7951112491748533 0.027866290269818385 0.05824564128451045
0 0.06958697311508778 0.7931697277987031 0.029683657026545667 0.05436259853220974
0 0.12168482014126998 0.798994291927154 0.028472079188727482 0.053068250948109595
0 0.17257108932963397 0.8002886395112544 0.028472079188727482 0.053068250948109595
0 0.2622278493281801 0.8048188560556052 0.030895234864363855 0.05436259853220974
0 0.3140228018949077 0.8015829870953546 0.029077868107636597 0.053068250948109595
0 0.3640003877049081 0.8009358133033045 0.024837345675272907 0.04918520819580889
0 0.41609823473109026 0.7996414657192042 0.029683657026545653 0.05177390336400932
0 0.4660758205410906 0.8022301608874046 0.026654712432000193 0.05177390336400932
0 0.5157505118916365 0.7976999443430539 0.027866290269818426 0.05565694611631002
