0 0.11936518921639563 0.07992505137607286 0.03145742237881029 0.11484063343675704
0 0.15475478939255718 0.14238223798202845 0.02988455125986975 0.07454567433614061
0 0.19381442217957995 0.03963009227545637 0.026214518649008565 0.058427690695893944
0 0.6371019325343148 0.656142966514889 0.028835970513909376 0.10275214570657207
0 0.7506107982845218 0.5020147479550308 0.026214518649008516 0.11282588548172631
0 0.7920297377499554 0.4466091791916832 0.03145742237881024 0.0946931538864488
0 0.7896704310715446 0.20786154652053032 0.026738809021988726 0.05641294274086311
0 0.10520934914593101 0.6591650884474352 0.031457422378810274 0.10476689366160286
0 0.35844159929535374 0.42444695168634405 0.02726309939496894 0.10678164161663374
0 0.39881195801482694 0.2139057903856228 0.030408841632849914 0.10073739775154128
1 0.1379774974571917 0.2995325784744328 0.013107259324504282 0.08260466615626377
1 0.19479615590298532 0.04852520449691745 0.03788260089968232 0.0970504089938349
1 0.7901947214445247 0.2088689204980457 0.04456468170331455 0.12692912116694194
27 0.12644310925162797 0.7427771285812145 0.012058678578543933 0.08260466615626397
27 0.33196493545985506 0.49093363420236136 0.016253001562385332 0.05036869887577064
27 0.3773160527226399 0.3085989442720716 0.020971614919206842 0.08058991820123299
27 0.720464101838162 0.5654793085385018 0.022544486038147328 0.06245718660595548
27 0.607217381274445 0.7236370230084216 0.020447324546226678 0.04835395092073994
30 0.3374699843761469 0.6813273159527743 0.020971614919206842 0.08058991820123299
