0 0.20009909768945913 0.11548690217632197 0.02607833933135138 0.1263241877576349
0 0.23139310488708076 0.18418953060591284 0.02920774005111351 0.09529719427330352
0 0.26816356334428626 0.08445990869199065 0.02347050539821623 0.07313505607020962
0 0.4585354404631513 0.2506759452151943 0.031815573984248655 0.11302690483577855
0 0.8189380900224273 0.25178405212534904 0.024513638971470336 0.05762155932804397
0 0.8184165232358003 0.4933513585390718 0.033901841130756866 0.09308098045299404
0 0.7826891983518489 0.5454323833163424 0.02503520575809732 0.11302690483577855
0 0.6768111406665623 0.7049997783786179 0.028164606477859497 0.11302690483577855
0 0.42150419861263233 0.46675679269535925 0.026599906117978453 0.10194583573423145
0 0.18497366087727532 0.7127565267497008 0.03233714077087571 0.11081069101546916
27 0.20661868252229698 0.8002969726519215 0.015125436812183807 0.08643233899206605
27 0.395425859281281 0.539891848765569 0.022427371824962173 0.05762155932804397
27 0.6476034006154487 0.7770267275386729 0.02503520575809732 0.053189131687425194
27 0.7542638084806759 0.6130269048357785 0.016168570385437866 0.06648641460928154
42 0.7245345016429354 0.6207836532068614 0.008866635372659545 0.0509729178671158
27 0.43793355239138376 0.3548379947697354 0.017733270745319 0.09086476663268474
1 0.21418140092838883 0.338216391117415 0.013560736452302718 0.07091884224990022
30 0.40064152714755125 0.7404591995035681 0.01303916966567569 0.07313505607020972
1 0.821285140562249 0.2551083728558131 0.03859594221039999 0.1263241877576349
1 0.26738121316434565 0.0833518017818359 0.04172534293016222 0.11524311865608794
