0 0.1766861935401261 0.11623205249267572 0.06562309933096451 0.08716495968620615
0 0.5048016901949487 0.11562674027263262 0.06562309933096445 0.09321808188663715
0 0.9133454976151607 0.38438536597176826 0.05842056403854153 0.054478099803878834
0 0.9137456384647398 0.5817171497058183 0.0592208457376997 0.06174184644439602
42 0.16628253145107075 0.22942543764073506 0.020807324178110702 0.027844362121982522
42 0.4891961970613656 0.22760950098060578 0.024808732673901112 0.029054986562068695
39 0.26791830724414994 0.08475581705043461 0.03681295816127272 0.1137986973681025
39 0.5984346489964468 0.08293988039030532 0.04481577515285375 0.10774557516767148
35 0.28232337782899586 0.4552068957168107 0.020807324178110754 0.0460037287232755
35 0.6064374659880277 0.45762814459698314 0.020807324178110646 0.05084622648362028
1 0.9161464835622141 0.48970969225926736 0.08643042350907526 0.08595433524611995
1 0.9153462018630558 0.3837800537517252 0.0896315503057075 0.09442870632672332
42 0.2851243637760492 0.3940703614924578 0.02000704247895259 0.013316868840948175
42 0.607237747687186 0.3922544248323285 0.022407887576426984 0.021791239921551582
35 0.676462114664362 0.5780852763855597 0.02961042286884985 0.03268685988232733
