27 0.12169934640522875 0.8005919348871625 0.015163398692810462 0.0795412504624491
27 0.33111111111111113 0.5591934887162413 0.016732026143790893 0.04439511653718094
27 0.6129411764705882 0.7645209027007029 0.018823529411764666 0.05179430262671097
27 0.7305882352941176 0.6452090270070293 0.025098039215686287 0.06104328523862383
27 0.37686274509803924 0.389937106918239 0.016209150326797348 0.07584165741768407
1 0.1490755647288155 0.05114687384387718 0.04616259603256509 0.10229374768775436
1 0.8027450980392158 0.3029966703662597 0.04705882352941181 0.09433962264150944
1 0.8009150326797386 0.4269330373658897 0.04339869281045756 0.10173880873103956
0 0.11411764705882353 0.18275989641139476 0.030326797385620923 0.10543840177580463
0 0.3990849673202615 0.2992970773214947 0.029281045751633986 0.09064002959674433
0 0.3575163398692811 0.5 0.03503267973856211 0.0961894191638919
0 0.7598692810457517 0.5739918608953015 0.029281045751634035 0.09988901220865701
0 0.8058823529411765 0.5323714391416944 0.04496732026143784 0.08694043655197922
42 0.6950326797385622 0.6331853496115427 0.016732026143790893 0.06289308176100629
0 0.642483660130719 0.7108768035516094 0.0318954248366013 0.11838697743248255
30 0.3326797385620915 0.744173140954495 0.012549019607843144 0.07029226785053651
1 0.12797385620915033 0.38346281908990015 0.016209150326797397 0.07029226785053642
1 0.13084967320261437 0.5693673695893452 0.01254901960784312 0.05364409914909361
0 0.14993464052287583 0.04032556418793932 0.02771241830065358 0.057343692193858674
0 0.7980392156862746 0.30299667036625977 0.029281045751633934 0.06474287828338884
