1 0.5975292587776333 0.11676074149471029 0.03220592345928072 0.07711051478979676
1 0.4419685718799752 0.2200888313130379 0.04071314852399643 0.06785725301502116
1 0.48146640253758366 0.22085993646093588 0.034636559192056694 0.07556830449400079
1 0.5206604037285952 0.21931772616513992 0.03645953599163865 0.07865272508559269
1 0.5589429165198158 0.217775515869344 0.03889017172441454 0.08173714567718454
1 0.5984407471774242 0.21700441072144602 0.04010548959080249 0.08944819715616423
1 0.44227240134657214 0.6773541840165326 0.037674853858026526 0.08482156626877645
1 0.48146640253758366 0.6788963943123285 0.03706719492483258 0.07865272508559265
1 0.5206604037285952 0.6773541840165326 0.03645953599163865 0.07248388390240904
1 0.5586390870532187 0.6765830788686346 0.03828251279122053 0.07402609419820495
1 0.5969215998444393 0.6758119737207366 0.03828251279122053 0.07248388390240894
1 0.5978330882442303 0.5740260941982048 0.030382946659698838 0.06939946331081709
0 0.6722713075604924 0.28717497918016105 0.04922037358871199 0.06014620153604143
0 0.6734866254268803 0.7344159649609822 0.037067194924832514 0.07865272508559273
30 0.5549931334540549 0.3974430153295704 0.023698698394565162 0.027759785324326776
30 0.7287835883475322 0.3966719101816724 0.023698698394565162 0.03855525739489836
30 0.5562084513204428 0.8493106319977791 0.02612933412734106 0.040097467690694194
30 0.7278720999477413 0.8493106319977791 0.026736993060534994 0.040097467690694194
27 0.6734866254268803 0.8115264797507789 0.011545519730685539 0.032386416211714744
27 0.6743981138266713 0.35734554763887605 0.007291907198327685 0.03392862650751058
29 0.6905010755563117 0.39821412047746835 0.020052744795401246 0.020048733845347142
29 0.6905010755563117 0.8493106319977792 0.01883742692901337 0.033928626507510676
52 0.6300390117035111 0.8500817371456771 0.04253612532357839 0.10332808981832767
52 0.631558159036496 0.3951296998858765 0.04314378425677232 0.10024366922673572
1 0.6282160349039291 0.30645260787761025 0.021875721594983206 0.04935072946546994
1 0.6300390117035111 0.7575491193979212 0.01944508586220731 0.053977360352857724
5 0.8600379179174311 0.8971191511674531 0.02734465199372893 0.046266308873878
42 0.03939452863896555 0.217775515869344 0.01822976799581931 0.04780851916967397
42 0.06582769223290354 0.22085993646093588 0.011545519730685558 0.032386416211714654
42 0.0928685147600355 0.2200888313130379 0.01701445012943136 0.04318188828228619
42 0.11990933728716749 0.21931772616513995 0.016406791196237367 0.0354708368033065
42 0.14451952408152355 0.22163104160883385 0.021875721594983168 0.04318188828228619
42 0.17247183500844648 0.22085993646093588 0.020660403728595237 0.032386416211714654
42 0.5944909641116634 0.3951296998858765 0.0066842482651337486 0.032386416211714654
42 0.6664985476951496 0.3966719101816724 0.0072919071983276115 0.032386416211714654
42 0.5938833051784694 0.8493106319977792 0.007899566131521697 0.033928626507510676
42 0.6655870592953587 0.850852842293575 0.00911488399790957 0.024675364732734736
3 0.6036058481095731 0.3989852256253663 0.009114883997909645 0.02159094414114307
3 0.65738366369724 0.3966719101816724 0.009722542931103655 0.023133154436939
3 0.6036058481095731 0.8493106319977792 0.0066842482651337486 0.024675364732734923
3 0.6567760047640461 0.8500817371456771 0.006076589331939738 0.020048733845347236
