1 0.6075595527467184 0.04631706054855962 0.037676227515799715 0.07762635846127307
1 0.44773942634905195 0.1662066586165258 0.040106951871657755 0.07245126789718821
1 0.48966942148760323 0.16706917371053998 0.03646086533787066 0.07417629808521656
1 0.53099173553719 0.1662066586165258 0.0388915896937287 0.07935138864930136
1 0.5710986874088477 0.16534414352251164 0.0388915896937287 0.08107641883732963
1 0.6093825960136119 0.16275659824046926 0.0388915896937287 0.08280144902535798
1 0.44652406417112295 0.6845782301190271 0.04253767622751579 0.08107641883732959
1 0.489365580943121 0.6871657754010695 0.03585318424890616 0.07935138864930147
1 0.53099173553719 0.6854407452130412 0.040106951871657755 0.08970156977747107
1 0.5707948468643654 0.6828531999309988 0.04071463296062224 0.08107641883732959
1 0.6105979581915411 0.6854407452130413 0.037676227515799715 0.0862515094014145
1 0.6084710743801652 0.5621010867690184 0.03220709771511907 0.09487666034155598
0 0.6871657754010695 0.23779541141969984 0.04496840058337398 0.07417629808521656
0 0.6865580943121049 0.7578920131102295 0.042537676227515864 0.07590132827324478
30 0.5650218765192027 0.36803519061583573 0.026737967914438502 0.05175090564084868
30 0.7461108410306271 0.3663101604278075 0.026737967914438502 0.05175090564084868
30 0.745807000486145 0.885544247024323 0.02856101118133205 0.04830084526479221
30 0.5619834710743801 0.8846817319303087 0.023091881380651404 0.04657581507676377
27 0.6874696159455518 0.3188718302570295 0.010330578512396797 0.03622563394859405
27 0.6874696159455518 0.8415559772296015 0.010330578512396797 0.03622563394859416
52 0.6437165775401069 0.3645851302397792 0.041929995138551224 0.14145247541831973
52 0.64280505590666 0.8829567017422805 0.04010695187165768 0.12247714335000855
29 0.7050923675255226 0.36717267552182165 0.02248420029168699 0.04657581507676377
29 0.7038770053475936 0.8889943074003794 0.020053475935828877 0.03795066413662239
1 0.6409820126397665 0.25504571329998277 0.019445794846864387 0.060376056580990156
1 0.6418935342732134 0.7829049508366396 0.021268838113757932 0.05347593582887712
42 0.606951871657754 0.3637226151457651 0.010938259601361211 0.0431257547007073
42 0.6786582401555663 0.3628601000517509 0.008507535245503173 0.03450060376056582
42 0.6060403500243071 0.8829567017422804 0.007899854156538683 0.03622563394859416
42 0.6798736023334953 0.8864067621183369 0.008507535245503173 0.0431257547007073
3 0.6163709285367038 0.3628601000517509 0.005469129800680644 0.024150422632395998
3 0.6695430238210985 0.36027255476970843 0.007292173067574116 0.022425392444367767
3 0.6160670879922215 0.886406762118337 0.009722897423432231 0.02587545282042434
3 0.6728852698104034 0.886406762118337 0.01276130286825476 0.022425392444367875
