1 0.3508528313759658 0.24580954135199853 0.03448839193334664 0.07183643396573956
1 0.38382857454030606 0.24212562166144777 0.03025297538012863 0.06815251427518874
1 0.4158967284432424 0.2448885614293608 0.033883332425744046 0.07736231350156574
1 0.4485699418537813 0.2467305212746362 0.035093451440949185 0.06999447412046421
1 0.48154568501812156 0.24673052127463616 0.033278272918141505 0.08473015288266719
30 0.44524211456196716 0.41526984711733284 0.021177082766090066 0.03868115675078287
30 0.44463705505436457 0.8665500092097993 0.015126487690064316 0.04604899613188432
30 0.5883386881099756 0.8656290292871615 0.02057202325848753 0.03683919690550742
30 0.5892462773713795 0.4171118069626082 0.019966963750884865 0.04973291582243504
1 0.3517604206373697 0.6943267636765518 0.03146309439533383 0.07736231350156574
1 0.3835260447865047 0.6943267636765518 0.03085803488773123 0.06999447412046429
1 0.41680431770464627 0.6952477435991895 0.033278272918141505 0.06446859458463793
1 0.44826741209997994 0.6906428439860011 0.032068153902936304 0.06262663473936285
1 0.4800330362491151 0.6952477435991894 0.0338833324257441 0.07183643396573956
52 0.5078657735988334 0.4171118069626082 0.0338833324257441 0.11604347025234843
52 0.5075632438450322 0.8647080493645238 0.03811874897896206 0.11235955056179771
1 0.506353124829827 0.329618714312028 0.016336606705269454 0.05894271504881194
1 0.5069581843374296 0.7772149567139436 0.015126487690064316 0.04789095597715977
0 0.5438668143011866 0.30475225640081044 0.033278272918141505 0.07183643396573947
0 0.5429592250397826 0.7560324184932768 0.04114404651697493 0.08288819303739192
27 0.5438668143011864 0.37935163013446305 0.012706249659654039 0.02947135752440597
27 0.5435642845473853 0.828789832381654 0.012101190152051501 0.033155277214956695
27 0.8273371936129919 0.5810462331921163 0.012101190152051501 0.034997237060232146
29 0.5577831829760457 0.4189537668078836 0.018756844735679727 0.034997237060232056
29 0.5568755937146418 0.8683919690550745 0.01936190424328239 0.031313317369681425
0 0.771671718913555 0.561705654816725 0.027832737349718355 0.08841407257321791
0 0.8255220150901841 0.5156566586848407 0.035093451440949185 0.06631055442991347
1 0.8261270745977867 0.3167249953951003 0.03751368947135958 0.07736231350156565
1 0.8237068365673763 0.41158592742678207 0.047194641593000686 0.079204273346841
2 0.9534921009481282 0.6123595505617977 0.028437796857320893 0.10499171118069625
1 0.4809406255105189 0.5930189721864063 0.02964791587252609 0.08473015288266719
1 0.4809406255105189 0.13897587032602687 0.023597320796500343 0.0792042733468411
42 0.4770077387111022 0.41803278688524587 0.008470833106436025 0.04420703628660896
42 0.5366061002099557 0.4161908270399705 0.004235416553218013 0.025787437833855155
42 0.47821785772630737 0.8637870694418862 0.006050595076025689 0.04052311659605814
42 0.5369086299637569 0.8637870694418862 0.009680952121641164 0.022103518143304524
3 0.48547857181753823 0.4161908270399705 0.0048404760608205515 0.02947135752440597
3 0.529647915872526 0.4171118069626082 0.0060505950760257506 0.02026155829802907
3 0.48517604206373693 0.864708049364524 0.0066556545836282885 0.016577638607478348
3 0.5293453861187247 0.8674709891324369 0.007865773598833427 0.018419598452753802
