5 0.35405258632393544 0.27135822011168276 0.03394125899443357 0.03407641911797033
5 0.3551839616237498 0.913863606384382 0.027153007195546898 0.03737413709712885
1 0.6108747793818166 0.24002989930967775 0.0603400159901042 0.07035131688871302
1 0.6135146550813836 0.31807589148309373 0.053551764191217516 0.05496196631930696
0 0.6097434040820021 0.38183177241348987 0.06561976738923832 0.050565009013762485
42 0.6787572973706838 0.68796992481203 0.018102004797031297 0.03187794046519806
42 0.7145841818648082 0.6863210658224509 0.014330753797649724 0.02858022248603976
42 0.7481483157593036 0.6868706854856439 0.016593504397278747 0.025282504506881173
42 0.7851065755532425 0.6896187838016092 0.021119005596536497 0.019786307874950525
42 0.818670709447738 0.6846722068328718 0.01885625499690767 0.03187794046519821
42 0.851103468042419 0.6863210658224509 0.01885625499690767 0.026381743833267274
