1 0.31220703316531667 0.12625796100928588 0.06962559083687994 0.05469395692547037
1 0.37398748700649187 0.12565025037678065 0.05393531684547039 0.05834022072050171
1 0.4298840881008884 0.12625796100928588 0.05785788534332274 0.0668481695755749
1 0.4877419734442112 0.1244348291117702 0.0657030223390276 0.060771063250522624
1 0.5519740325965442 0.12565025037678065 0.06079981171671212 0.06806359084058536
1 0.30681350148076963 0.4598910982546551 0.06864494871241682 0.05834022072050175
1 0.370555239570871 0.4562448344596238 0.05687724321885962 0.06320190578054351
1 0.4333163355365094 0.4544217025621081 0.06079981171671212 0.05469395692547038
1 0.49166454194206366 0.4592833876221499 0.05981916959224899 0.06198648451553302
1 0.5534449957832388 0.4586756769896446 0.057857885343322896 0.06563274831056448
1 0.31318767528977975 0.7965627886625505 0.06766430658795385 0.060771063250522624
1 0.37447780806872344 0.79534736739754 0.05687724321885977 0.060771063250522624
1 0.4333163355365093 0.7983859205600662 0.05687724321885977 0.06198648451553311
1 0.49215486300429523 0.79534736739754 0.05687724321885962 0.060771063250522624
1 0.5534449957832388 0.7965627886625504 0.057857885343322896 0.06563274831056448
0 0.31612960166316906 0.12929651417181204 0.04805146409869179 0.03646263795031358
0 0.3730068448820288 0.12443482911177021 0.04805146409869179 0.041324323010355386
0 0.43233569341204614 0.1268656716417911 0.045109537725302566 0.041324323010355386
0 0.48872261556867436 0.12808109290680156 0.04609017984976569 0.043755165540376284
0 0.5470708219742286 0.1299042248043172 0.045109537725302566 0.04497058680538675
0 0.3097554278541589 0.46292965141718134 0.050993390472081165 0.03767805921532404
0 0.37104556063310257 0.46596820457970733 0.05001274834761804 0.043755165540376284
0 0.4313550512875831 0.46171423015217083 0.04903210622315492 0.042539744275365804
0 0.4911742208798321 0.4665759152122126 0.050993390472081165 0.04983227186542853
0 0.5505030694098496 0.46596820457970733 0.05393531684547039 0.048616850600418045
0 0.3117167121030851 0.7971704992950557 0.05687724321885962 0.042539744275365804
0 0.37398748700649187 0.7977782099275609 0.04609017984976569 0.04132432301035532
0 0.43380665659874085 0.7989936311925714 0.04805146409869194 0.04132432301035541
0 0.49166454194206366 0.7971704992950557 0.04609017984976554 0.04497058680538677
0 0.5505030694098495 0.7947396567650349 0.05001274834761804 0.042539744275365804
0 0.668670445407653 0.8384948223054111 0.07256751721026918 0.06198648451553292
0 0.6657285190342637 0.5066848169575575 0.06472238021456463 0.06684816957557496
0 0.6608253084119481 0.17183625844717784 0.06668366446349057 0.060771063250522624
30 0.4833290838841273 0.2520540619378678 0.04118696922745006 0.031600952890271754
30 0.7505540628003217 0.2557003257328991 0.04805146409869194 0.026739267830229948
30 0.4852903681330536 0.5838640672857214 0.04314825347637631 0.029170110360250828
30 0.7481024574891638 0.5923720161407945 0.03922568497852396 0.03889348048033443
30 0.48725165238197976 0.9235743108561428 0.04707082197422867 0.03281637415528219
30 0.749083099613627 0.9266128640186689 0.03726440072959771 0.026739267830229948
42 0.5465805009119971 0.2563080363654043 0.022554768862651283 0.027954689095240386
42 0.655431776727401 0.2557003257328991 0.02059348461372518 0.019446740240167217
42 0.5480514640986919 0.5899411736107736 0.015690273991409556 0.031600952890271795
42 0.6534704924784749 0.5899411736107736 0.02059348461372503 0.024308425300209067
42 0.5470708219742287 0.9229666002236376 0.017651558240335805 0.031600952890271705
42 0.6539608135407065 0.9241820214886479 0.013728989742483304 0.021877582770188003
27 0.6676898032831898 0.8968350430259128 0.021574126738188155 0.018231318975156917
27 0.668670445407653 0.5650250376780593 0.021574126738188155 0.023093004035198584
27 0.6657285190342637 0.2234916622101221 0.021574126738188155 0.023093004035198584
29 0.6907348932080727 0.2538771938353834 0.04412889560083944 0.02552384656521951
29 0.6912252142703041 0.5954105693033206 0.03138054798281911 0.02552384656521946
29 0.6912252142703041 0.9272205746511739 0.03334183223174536 0.020662161505177704
52 0.600025496695236 0.9247897321211531 0.06276109596563836 0.07900238222567936
52 0.6010061388196991 0.5899411736107736 0.05883852746778587 0.08264864602071081
52 0.6024771020063937 0.25448490446788863 0.0657030223390276 0.08751033108075257
