1 0.1404867256637168 0.23495520275593182 0.05044734027034914 0.08545524948927136
1 0.4294952834775843 0.14616185758348582 0.048623942429252116 0.07343810502984256
1 0.4747763298648254 0.14616185758348582 0.041938150345230026 0.07343810502984256
1 0.5164105805698725 0.1501675724032954 0.04376154818632698 0.08144953466946173
1 0.5574370319945541 0.1461618575834858 0.04072255178449868 0.08679048776254124
1 0.6002868812603326 0.14349138103694606 0.043761548186326854 0.08679048776254124
1 0.6002868812603326 0.05269517845459526 0.029174365457551196 0.060085722297143915
0 0.6789968880676845 0.2082504372905345 0.04923174170961785 0.07477334330311242
1 0.1371438296217057 0.31907521397193334 0.03525235826120784 0.06676191366349325
0 0.13775162890207138 0.3991895103681252 0.05348633667217739 0.05608000747733437
1 0.2149421375085092 0.3177399756986634 0.04497714674705823 0.0854552494892714
42 0.26812457454050376 0.767047654653973 0.0176261791306039 0.03338095683174656
42 0.2954755421569581 0.7677152737906079 0.0176261791306039 0.04005714819809598
42 0.3228265097734124 0.7677152737906079 0.020057376252066533 0.042727624744635664
30 0.5528785373918116 0.30772568864913946 0.024311971214626058 0.03605143337828631
30 0.7388651171837013 0.30705806951250453 0.024311971214626058 0.042727624744635664
29 0.6963191675581055 0.30972854605904426 0.024311971214626058 0.04005714819809591
27 0.6771734902265877 0.26900377872431336 0.012763784887678702 0.033380956831746626
52 0.6340197413206263 0.3050552121025997 0.04436934746669259 0.10281334704177963
1 0.6325002431197122 0.22427329656977288 0.02309637265389471 0.048068577837715135
5 0.9534182631527764 0.3678114109462834 0.03038996401828254 0.04139238647136582
42 0.5948166877370418 0.3070580695125045 0.009724788485850398 0.04539810129117542
42 0.6723110959836623 0.3083933077857744 0.009116989205484788 0.03738667165155622
3 0.6057570747836235 0.30572283123923466 0.007293591364387704 0.02403428891885752
3 0.6607629096567149 0.30438759296596474 0.006685792084022093 0.018693335825778076
