1 0.17776126312711685 0.18627586924116898 0.03776711093784262 0.08493084202863377
1 0.2149192271143491 0.1871425104863591 0.03654881703662191 0.08666412451901402
1 0.25238176457688655 0.18887579297673937 0.03472137618479081 0.07973099455749301
1 0.28832143466289817 0.1871425104863591 0.03593967008601156 0.09013068949977471
1 0.3251748251748252 0.18367594550559851 0.040203698740284136 0.09359725448053521
1 0.32243366389707856 0.07621243110202107 0.03715796398723226 0.09359725448053526
1 0.17867498355303238 0.6620619128505564 0.0371579639872323 0.08666412451901412
1 0.21644209449087504 0.6629285540957465 0.03472137618479081 0.08493084202863377
1 0.2529909115274969 0.6681284015668874 0.033503082283570074 0.08839740700939445
1 0.28923515508881364 0.6663951190765071 0.031675641431738975 0.09533053697091565
1 0.32791598645257186 0.6637951953409367 0.04568602129577743 0.09359725448053513
1 0.3245656782242148 0.5493985509758381 0.03776711093784265 0.08666412451901402
0 0.3952267244950172 0.24954068014004926 0.040203698740284136 0.0831975595382536
0 0.3958358714456276 0.7261933649946268 0.04264028654272556 0.08666412451901412
30 0.2852756999098463 0.37000381322147885 0.020101849370142068 0.046798627240267565
30 0.44761336224750864 0.3665372482407183 0.020710996320752455 0.05026519222102816
30 0.28162081820618406 0.8466564980760565 0.0286299066786872 0.03986549727874664
30 0.4494408030993397 0.8457898568308664 0.02923905362929749 0.0589316046729297
29 0.41136911868619186 0.37173709571185914 0.020101849370142005 0.039865497278746456
29 0.41136911868619186 0.8449232155856763 0.024975024975024972 0.04333206225950714
27 0.39553129797032244 0.3292716746975422 0.007918910357934775 0.0346656498076057
27 0.39614044492093275 0.8050577183069296 0.011573792061596906 0.032932367317225264
52 0.35624131965595385 0.8457898568308664 0.03654881703662194 0.12132977432661972
52 0.35502302575473316 0.37000381322147885 0.036548817036621876 0.10573023191319726
1 0.35502302575473316 0.2694734287794225 0.020710996320752455 0.05373175720178867
1 0.3553275992300383 0.7495926786147608 0.02253843717258349 0.06066488716330986
42 0.32091079652055265 0.37087045446666905 0.010964645110986583 0.04853190973064791
42 0.38761238761238764 0.3726037369570493 0.0054823225554932915 0.0450653447498874
42 0.3215199434711631 0.844056574340486 0.0085280573085451 0.0415987797691268
42 0.38913525498891355 0.8457898568308664 0.0085280573085451 0.04506534474988731
3 0.3303525742550133 0.3656706069955281 0.0054823225554932915 0.02426595486532391
3 0.37999805072975806 0.37000381322147885 0.007309763407324326 0.022532672374943656
3 0.3303525742550133 0.8397233681145354 0.007918910357934713 0.019066107394183057
3 0.3812163446309788 0.8466564980760565 0.0085280573085451 0.022532672374943566
