28 0.3515147557211502 0.5368428681870894 0.016498360475427694 0.04952647854657909
28 0.5312781417346651 0.3906793583301122 0.02818469914552236 0.06402203324313877
28 0.6821693969161815 0.397323154232702 0.024747540713141735 0.050734441437959014
28 0.7519437130935114 0.46134518747584075 0.033684152637331904 0.03623888674139928
28 0.7498814180340829 0.6214002705836877 0.03230928926437918 0.03261499806725945
28 0.7505688497205592 0.8261499806725938 0.03780874275618849 0.0410707383069191
28 0.5003437158432381 0.7041457286432161 0.017185792161903975 0.06039814456899893
28 0.6732327849919915 0.7023337843061462 0.013748633729523117 0.06160610746037885
29 0.34773388144553136 0.4824845380749904 0.02680983577257011 0.054358330112098986
25 0.812093985660175 0.8255459992269039 0.03712131106971245 0.03744684963277933
4 0.6347366105493266 0.4160465790490916 0.015123497102475366 0.018119443370699706
28 0.26764808997105916 0.6775705450328566 0.0343715843238078 0.03623888674139928
42 0.2927393465274388 0.6757586006957867 0.008936611924190012 0.020535369153459618
42 0.35117103987791215 0.608716660224198 0.01443606541599932 0.01691148047931972
4 0.3030508218245812 0.6769665635871668 0.011686338670094665 0.020535369153459618
4 0.350483608191436 0.6274400850405877 0.013061202043046992 0.01570351758793966
50 0.3408595645807698 0.6866302667182065 0.05155737648571169 0.09301314263625818
53 0.5962404361066618 0.5459025898724392 0.30109507867655644 0.21743332044839594
20 0.7770349696498912 0.5428826826439892 0.02612240408609414 0.1292520293776576
5 0.9385814159717878 0.8539331271743332 0.02612240408609383 0.02174333204483954
1 0.7756601062769387 0.3333011209895632 0.07011803202056799 0.0869733281793583
0 0.7732540953742723 0.3326971395438732 0.046057922993902614 0.049526478546579024
0 0.7739415270607485 0.4124226903749517 0.05980655672342573 0.05435833011209892
6 0.5024060109026667 0.8176942404329339 0.022685245653713205 0.026575183610359498
