1 0.23225703324808192 0.21555146702817862 0.059498437055981825 0.07020431877602401
1 0.2913114521170788 0.21555146702817862 0.060386473429951695 0.06052096446208964
1 0.35613810741687985 0.2185775152512831 0.06749076442171069 0.06657306090829862
1 0.29308752486501854 0.2742568025564056 0.060386473429951695 0.06173138375133146
1 0.35613810741687985 0.2766776411348892 0.062162546177891444 0.05688970659436431
1 0.6771632566069907 0.219182724895904 0.06305058255186131 0.06536264161905683
1 0.739769820971867 0.2161566766727995 0.056834327934072296 0.06173138375133143
1 0.798380221653879 0.213130628449695 0.062162546177891534 0.060520964462089676
1 0.739325802784882 0.2760724314902683 0.05594629156010233 0.0581001258836061
1 0.8037084398976982 0.27788806042413094 0.06749076442171059 0.0544688680158807
0 0.23669721511793126 0.22099835382976668 0.048842000568343334 0.039943836544979155
0 0.38011508951406653 0.5478115619250509 0.046177891446433715 0.06173138375133143
0 0.2975277067348679 0.2173670959620413 0.047953964194373463 0.037522997966495615
0 0.2930875248650185 0.27849327006875185 0.04262574595055413 0.03873341725573737
0 0.35169792554703044 0.2179723056066622 0.04973003694231312 0.04599593299118813
0 0.35258596192100033 0.2772828507795101 0.05150610969025286 0.03873341725573737
0 0.6771632566069906 0.219182724895904 0.05061807331628308 0.04841677156967173
0 0.7371057118499574 0.219182724895904 0.04262574595055413 0.03631257867725379
0 0.7939400397840295 0.21494625738355772 0.046177891446433625 0.03994383654497919
0 0.7384377664109122 0.27546722184564737 0.04173770957658416 0.039943836544979155
0 0.7952720943449844 0.2736515929117847 0.045289855072463844 0.04357509441270455
0 0.43472932651321405 0.5478115619250509 0.03640949133276501 0.042364675123462765
0 0.8232452401250355 0.5466011426358091 0.03729752770673488 0.06173138375133143
0 0.8800795680591078 0.5441803040573254 0.028417163967036148 0.03994383654497919
1 0.44227763569195794 0.5447855137019464 0.060386473429951695 0.07504599593299116
1 0.8840757317419723 0.5441803040573254 0.06305058255186131 0.06899389948678222
27 0.38455527138391593 0.48729059746296116 0.026641091219096306 0.047206352280429915
27 0.38233518044899123 0.6047012685194151 0.02575305484512643 0.0423646751234627
27 0.8276854219948849 0.6059116878086569 0.021312872975277158 0.03510215938801197
27 0.8267973856209151 0.4878958071075821 0.023088945723216906 0.04115425583422098
3 0.3556940892298949 0.7015348116587586 0.02930520034100593 0.025418805074077545
3 0.7974921852799091 0.7069816984603465 0.03907360045467463 0.03873341725573733
28 0.8108127308894573 0.7699235015009198 0.02486501847115665 0.045995932991188065
28 0.369458653026428 0.7711339207901617 0.028417163967036148 0.04841677156967164
28 0.2628942881500427 0.7293744553113198 0.04084967320261438 0.04720635228042998
28 0.6998081841432224 0.7330057131790451 0.04084967320261438 0.05931054517284785
25 0.8108127308894573 0.8352861431199767 0.031969309462915645 0.058100125883606066
25 0.3707907075873828 0.8479955456570155 0.031081273088945767 0.05204802943739713
