28 0.14416096902169326 0.6335831721470021 0.014244112433527478 0.05681818181818179
28 0.3649447117413691 0.6408365570599615 0.016881911032328865 0.05681818181818179
28 0.610523761289778 0.6353965183752419 0.016354351312568592 0.05077369439071569
28 0.7740672744154637 0.6227030947775629 0.01951970963113033 0.03747582205029016
28 0.7735397146957036 0.762330754352031 0.0237401873892124 0.026595744680851064
28 0.7751223938549845 0.8953094777562864 0.023740187389212505 0.03626692456479694
28 0.14838144677977544 0.14156189555125728 0.013188992994006906 0.06407156673114117
28 0.3652084916012493 0.14700193423597682 0.018464590191609734 0.05560928433268858
28 0.6131615598885793 0.14760638297872344 0.01846459019160968 0.0568181818181818
39 0.2106334937114881 0.4631286266924565 0.03218114290537689 0.03747582205029016
39 0.4551574238203765 0.46071083172147004 0.036929180383219413 0.0398936170212766
39 0.6825356630370557 0.4619197292069633 0.03165358318561664 0.04956479690522241
29 0.7326538364142821 0.6214941972920697 0.028488224867054903 0.044729206963249474
29 0.7347640752933232 0.7665618955512573 0.030598463746096097 0.059235976789168344
29 0.7308073773951211 0.9061895551257254 0.02690554570777414 0.058027079303675004
28 0.24782645395458763 0.895913926499033 0.026377985988013893 0.05198259187620891
28 0.48918502574491435 0.8934961315280465 0.027960665147294683 0.044729206963249474
27 0.3950156157677049 0.6505077369439072 0.013716552713767179 0.03264023210831716
27 0.642968684055035 0.6547388781431335 0.013716552713767179 0.038684719535783375
27 0.17792479108635098 0.6529255319148937 0.013188992994006934 0.027804642166344283
1 0.02704271123491179 0.3797147001934236 0.04167721786106187 0.07857833655705998
1 0.07056638811513463 0.3803191489361702 0.04537013589938381 0.07253384912959382
1 0.11171604625643622 0.3785058027079304 0.03798429982273992 0.07132495164410053
1 0.06898370895585379 0.44862185686653777 0.042204777580822146 0.0713249516441006
1 0.11118848653667594 0.4510396518375242 0.041149658141301566 0.06648936170212766
1 0.24202329703722458 0.3803191489361702 0.04853549421794551 0.07495164410058025
1 0.28607453363720775 0.3772969052224372 0.03956697898202077 0.07616054158607354
1 0.3274879716383895 0.37790135396518376 0.04431501645986322 0.0797872340425532
1 0.2858107537773276 0.4480174081237911 0.04325989702034268 0.06769825918762094
1 0.33118088967671144 0.4510396518375242 0.04009453870178105 0.0689071566731141
1 0.4902401451844349 0.3785058027079304 0.04695281505866464 0.08341392649903286
1 0.5324449227652571 0.37548355899419733 0.04273233730058241 0.08704061895551257
1 0.5764961593652401 0.37790135396518376 0.0400945387017811 0.0797872340425532
1 0.5337638220646578 0.4504352030947776 0.04642525533890436 0.06528046421663444
1 0.5791339579640415 0.4546663442940039 0.04220477758082219 0.0713249516441006
0 0.24545243521566643 0.379110251450677 0.032181142905376915 0.05319148936170213
0 0.2863383134970879 0.3821324951644101 0.030598463746096045 0.054400386847195406
0 0.2897674516755297 0.4480174081237911 0.035346501223938544 0.06286266924564794
0 0.17792479108635098 0.5779738878143134 0.03745674010297966 0.07374274661508709
0 0.3950156157677049 0.5797872340425532 0.049590613657466 0.07253384912959382
0 0.3298619903773107 0.4480174081237911 0.030070904026335773 0.05077369439071563
0 0.32907065079767034 0.3797147001934236 0.034818941504178275 0.04956479690522247
0 0.4910314847640753 0.3833413926499033 0.030598463746096097 0.056818181818181844
0 0.5340276019245378 0.38152804642166344 0.036401620663459144 0.05560928433268863
0 0.532444922765257 0.4510396518375242 0.03323626234489751 0.05198259187620891
0 0.6398033257364734 0.5767649903288202 0.04537013589938382 0.06890715667311416
0 0.5772874989448805 0.38455029013539654 0.035346501223938495 0.05198259187620891
0 0.5764961593652401 0.45224854932301745 0.030598463746096097 0.05440038684719535
0 0.025723811935511095 0.37790135396518376 0.03376382206465772 0.05077369439071569
0 0.06529079091753186 0.37790135396518376 0.034818941504178275 0.05319148936170213
0 0.11066092681691565 0.3797147001934237 0.029543344306575486 0.05923597678916828
0 0.06951126867561408 0.44922630560928434 0.03692918038321938 0.05077369439071563
0 0.10960580737739511 0.4510396518375242 0.03270870262513714 0.047147001934235974
