28 0.5219118973174781 0.4975784872810044 0.02359742788036093 0.050851767098906674
28 0.4911509645448647 0.7536534573147846 0.01769807091027085 0.04721949802041336
28 0.6639178472403652 0.7578911045730268 0.019383601473153777 0.058116305255893314
28 0.7431377836958629 0.6882726139019045 0.03792443766486594 0.03026890898744454
28 0.7418736357737007 0.5556947925368977 0.03033955013189278 0.033901178065937745
28 0.74145225313298 0.8462763188163646 0.03792443766486594 0.033901178065937745
25 0.7996030575524412 0.8523301006138534 0.03455337653910009 0.03632269078493329
53 0.5813268496591014 0.6210756359497778 0.3042382666003691 0.18403496664366234
30 0.6740310306176627 0.4993946218202511 0.01601254034738793 0.03995495986342666
4 0.6264147922162199 0.5145290763139734 0.016855305628829236 0.016950589032968817
20 0.7667352115762238 0.6210756359497778 0.0210691320360367 0.10412504691680889
0 0.7684207421391068 0.51634521085322 0.05646527385657825 0.05448403617739999
0 0.7642069157318995 0.4491482329010933 0.03455337653910009 0.03874420350392889
1 0.7616786198875751 0.44309445110360446 0.07332057948540749 0.06538084341288006
