1 0.027430744160782207 0.5479072112960162 0.03983342386384211 0.0773239199865525
1 0.06847124147504378 0.5487476886871744 0.039833423863842116 0.07564296520423601
1 0.10951173878930535 0.5487476886871744 0.04345464421510049 0.08236678433350145
1 0.06756593638722919 0.6294335182383594 0.03922988713863239 0.07564296520423601
1 0.10920997042670048 0.6311144730206758 0.04285110748989075 0.07900487476886882
1 0.10679582352586157 0.3596402756765843 0.02595207918401834 0.08068582955118518
1 0.22297664312873436 0.547066733904858 0.04104049731426156 0.07900487476886882
1 0.2634136037177862 0.5495881660783326 0.04104049731426159 0.07732391998655233
1 0.30324702758162836 0.5504286434694907 0.04224757076468099 0.07564296520423601
1 0.2625082986299716 0.627752563456043 0.04043696058905185 0.07564296520423601
1 0.3044541010320478 0.6294335182383594 0.04345464421510049 0.07228105563960337
1 0.43210211841390544 0.5537905530341235 0.039229887138632354 0.08236678433350145
1 0.47223731064035246 0.552109598251807 0.04104049731426156 0.07900487476886864
1 0.5126742712294042 0.552109598251807 0.03983342386384213 0.08236678433350128
1 0.4707284688273281 0.6311144730206758 0.039229887138632354 0.0722810556396032
1 0.5156919548554529 0.6319549504118339 0.03983342386384213 0.08068582955118513
1 0.6207073450419457 0.552109598251807 0.04224757076468105 0.08236678433350128
1 0.6617478423562073 0.5512691208606488 0.04345464421510049 0.08404773911581777
1 0.6635584525318365 0.6353168599764667 0.04224757076468105 0.08068582955118496
1 0.7036936447582834 0.6336359051941503 0.03802281368821293 0.08068582955118513
1 0.81142495020822 0.5479072112960162 0.04586879111593935 0.07396201042191952
1 0.8536725209729011 0.5512691208606489 0.041040497314261626 0.08068582955118496
1 0.8938077131993482 0.5537905530341235 0.042851107489890766 0.08572869389813409
1 0.8545778260607158 0.627752563456043 0.042851107489890766 0.07564296520423601
1 0.8965236284627919 0.6285930408472012 0.041040497314261626 0.07396201042191969
1 0.8907900295732994 0.3697260043704825 0.028366226084857234 0.07732391998655237
1 0.7000724244070252 0.3697260043704825 0.02957329953527679 0.07396201042191973
1 0.5093548192407508 0.3697260043704824 0.030780372985696157 0.07060010085728692
1 0.30324702758162836 0.3663640948058497 0.03138390971090587 0.07396201042191965
0 0.18163437745186795 0.7824004034291477 0.04043696058905185 0.07564296520423601
0 0.375369666244191 0.7824004034291477 0.04043696058905185 0.07564296520423601
0 0.5847969098919669 0.7824004034291479 0.039229887138632354 0.0722810556396032
0 0.7746092099704267 0.7815599260379895 0.04224757076468093 0.07396201042191969
0 0.9665338885871203 0.7824004034291479 0.03983342386384207 0.0722810556396032
28 0.1418009535880258 0.8530005042864348 0.018709638481501575 0.06219532694570512
28 0.3385539260063975 0.8504790721129603 0.017502565031082173 0.057152462598756
28 0.2220713380409198 0.9496554042696251 0.040436960589051815 0.043704824340225115
28 0.42968797151306654 0.9496554042696251 0.025952079184018373 0.05379055303412336
28 0.5485847063793832 0.8471171625483275 0.009053050878145976 0.07060010085728706
28 0.6321745428209306 0.9521768364430997 0.03138390971090593 0.05547150781643968
28 0.7383970064578429 0.8521600268952766 0.010863661053775122 0.06723819129265425
28 0.8216850745367854 0.9555387460077324 0.03138390971090593 0.05547150781643968
28 0.9291146116241172 0.8530005042864348 0.015691954855452966 0.06219532694570512
28 0.9294163799867221 0.273071104387292 0.012674271229404267 0.07228105563960328
28 0.7371899330074233 0.2688687174315011 0.018106101756291827 0.08068582955118504
28 0.5473776329289637 0.2713901496049756 0.015088418130243189 0.07228105563960328
28 0.3346309372925343 0.2688687174315011 0.024141469008389167 0.06723819129265425
28 0.14391333212625987 0.27139014960497565 0.02414146900838915 0.06219532694570512
27 0.18163437745186795 0.8689695747184402 0.007845977427726483 0.033619095646327035
27 0.37567143460679575 0.8681290973272819 0.016899028305872397 0.0453857791225416
27 0.5841933731667571 0.8689695747184402 0.01267427122940439 0.030257186081694403
27 0.7731003681574024 0.8664481425449656 0.016295491580662683 0.0453857791225416
27 0.9656285834993058 0.8681290973272819 0.010260124328565406 0.0453857791225416
0 0.10709759188846643 0.462178517397882 0.027762689359647517 0.05715246259875617
0 0.30143641740599914 0.462178517397882 0.025348542458808656 0.05715246259875617
0 0.5117689661415897 0.46554042696251474 0.028366226084857296 0.057152462598756
0 0.6985635825940009 0.4646999495713566 0.03379805661174492 0.05210959825180705
0 0.8919971030237188 0.4630189947890402 0.022330858832759957 0.06555723651033776
