28 0.25058043675762987 0.40490848128401036 0.031124869612032733 0.026383773979002913
28 0.27791984925468566 0.8199032594954103 0.015141828459907788 0.040674984884296085
28 0.6442679767152326 0.5917935469686143 0.02776001884316424 0.017589182652668584
28 0.6446885830613412 0.7445995712636728 0.028601231535381317 0.02198647831583582
20 0.662774655944009 0.6692958830319354 0.01766546653655912 0.1264222503160557
1 0.662774655944009 0.4538283955367449 0.03617214576533521 0.03847633705271258
0 0.6627746559440089 0.5544165338316934 0.05131397422524311 0.0395756609685044
1 0.6640364749823345 0.5021986478315835 0.060567313839631154 0.049469576210630486
28 0.58412126922171 0.40600780519980206 0.028601231535381424 0.030781069642170075
25 0.676654665365591 0.780327598526906 0.05215518691746018 0.03847633705271258
