28 0.11343173252868967 0.10770244200818707 0.03756619527150664 0.03999435373829577
28 0.4909114043697967 0.10946689879075895 0.039989820772894154 0.03646544017315202
28 0.5575611056579538 0.4264809673928386 0.030295318767344107 0.042346962781724916
28 0.5581670120333005 0.6876205712134756 0.03150713151803784 0.0399943537382958
28 0.14433295767138063 0.8134851550369359 0.014541753008325147 0.06352044417258737
20 0.5811914542964821 0.5570507693031571 0.02302444226318146 0.2093822048651954
25 0.5933095818034196 0.7440831882557756 0.05816701203330066 0.06822566225944575
1 0.579070781982768 0.19827789018020986 0.04665479090170986 0.06587305321601655
1 0.5784648756074211 0.28061920670023055 0.05756110565795372 0.0752834893897332
0 0.5772530628567273 0.366489436785395 0.053925667405872506 0.06587305321601655
