29 0.8473214285714286 0.13523519163763068 0.051785714285714 0.032665505226480825
30 0.8482142857142859 0.1715301974448316 0.05357142857142867 0.03508517228029422
28 0.9187500000000001 0.25621854432830043 0.0410714285714289 0.027826171118854034
28 0.9179640718562875 0.5229378641091801 0.03592814371257486 0.028398487577690135
27 0.6107784431137725 0.3606607922366649 0.03233532934131745 0.034889570452590744
30 0.8437125748502995 0.5850088441004171 0.021556886227544966 0.030832643655777817
4 0.49281437125748506 0.827207373870146 0.021556886227544737 0.020284633984064427
3 0.525748502994012 0.8795417295490321 0.03233532934131722 0.016227707187251573
42 0.5251497005988024 0.9253850023530176 0.023952095808383093 0.015416321827888909
3 0.7706586826347306 0.4892653716956331 0.026347305389221448 0.021096019343426933
3 0.7694610778443114 0.4032585236032001 0.028742514970059804 0.01947324862470184
4 0.8005988023952096 0.03894649724940363 0.01916167664670661 0.02434156078087727
1 0.651497005988024 0.4052869870016066 0.2766467065868262 0.3140061340733168
0 0.9137724550898204 0.48277428882073253 0.0730538922155688 0.03570095581195333
