27 0.17586146884789416 0.40687886996904027 0.05221023320570826 0.038699690402476825
30 0.5282805429864253 0.6699158281733746 0.05221023320570826 0.04474651702786384
30 0.5239296902192827 0.175890092879257 0.03915767490428128 0.029024767801857598
29 0.5195788374521405 0.13295762383900933 0.04350852767142338 0.030234133126934994
30 0.8371910894535328 0.6747532894736842 0.04350852767142338 0.04474651702786384
28 0.6207361642882004 0.5943304953560371 0.05003480682213704 0.02902476780185755
28 0.6207361642882003 0.28170955882352944 0.04568395405499494 0.027815402476780177
0 0.6283501566306994 0.23514899380804957 0.1305255830142708 0.05079334365325076
0 0.6196484510964149 0.5520027089783281 0.12182387747998594 0.04353715170278642
3 0.4140706578489383 0.45646284829721356 0.03263139575356796 0.024187306501547958
3 0.4151583710407238 0.5586542182662538 0.034806822137138836 0.020559210526315787
1 0.2422119735468152 0.4588815789473684 0.4068047337278106 0.3797407120743033
