27 0.29972533760585934 0.41735537190082644 0.0801098649576559 0.04375303840544482
3 0.5972762645914397 0.4653621779290228 0.045777065690089214 0.025522605736509475
3 0.608720531013962 0.5710986874088478 0.06294346532387256 0.030384054448225558
28 0.8905355916685739 0.6075595527467185 0.042915999084459026 0.03281477880408365
28 0.8833829251544975 0.28791929995138554 0.0801098649576559 0.030384054448225558
29 0.7446211947814143 0.14086047642197377 0.060082398718241926 0.03524550315994165
30 0.7460517280842296 0.18643655809431212 0.057221332112611295 0.03159941662615458
30 0.7417601281757837 0.6883811375789985 0.0658045319295032 0.04375303840544477
1 0.3669604028381779 0.4793388429752066 0.5807965209430075 0.37433155080213903
0 0.8790913252460516 0.5613757899854156 0.14591439688715954 0.04739912493923191
0 0.8776607919432362 0.2435585804569762 0.14305333028152892 0.046183762761302864
