37 0.3068552774755169 0.25747320924985895 0.01632208922742111 0.10716300056401586
0 0.3280135412888405 0.23585260387290838 0.022367307459799285 0.06392178981011468
37 0.30957562568008706 0.6137431848091747 0.012090436464756351 0.08272231622485414
37 0.31018014750332484 0.7707275803722505 0.014508523757707633 0.09212257943222411
37 0.7729416031918753 0.6137431848091747 0.01753113287389672 0.0902425267907502
37 0.683774634264297 0.7697875540515134 0.015717567404183307 0.08272231622485433
0 0.32861806311207836 0.598702763677383 0.019949220166848063 0.0564015792442189
0 0.32861806311207836 0.7538071065989848 0.018740176520372392 0.06204173716864085
0 0.7040261153427639 0.7509870276367738 0.019949220166847942 0.0676818950930626
0 0.7061419417240962 0.5658018424515886 0.026598960222464045 0.04324121075390109
0 0.6508281948978358 0.5648618161308516 0.028412525692177462 0.045121263395375005
0 0.49214121629790836 0.4736792630193645 0.027808003868939654 0.047001316036849115
1 0.4939547817676218 0.4069373942470389 0.03143513480836661 0.05264147396127092
1 0.7055374199008585 0.42855799962398944 0.026598960222464045 0.06580184245158854
1 0.7055374199008585 0.49811994735852605 0.030226091161891 0.050761421319796954
0 0.79379760609358 0.5940026320736981 0.02176278563656148 0.05828163188569282
28 0.47642364889372507 0.5404211317916902 0.01088139281828074 0.0338409475465313
28 0.5099746100834239 0.546061289716112 0.012694958287994218 0.04136115811242717
28 0.6502236730745979 0.6156232374506486 0.009067827348567202 0.0338409475465313
28 0.6598960222464031 0.6729648430156044 0.00785878370209159 0.028200789622109354
28 0.5973280135412888 0.8252491069749953 0.00846330552532952 0.03196089490505719
28 0.5876556643694837 0.7669674750893024 0.00846330552532952 0.028200789622109354
28 0.5873534034578649 0.6146832111299118 0.007858783702091714 0.03572100018800522
13 0.5912827953089107 0.5554615529234819 0.014508523757707694 0.045121263395375005
13 0.5918873171321484 0.7133859748072946 0.015717567404183307 0.045121263395375005
3 0.3561238060693991 0.8647302124459485 0.01088139281828074 0.024440684339161516
3 0.37516624350139044 0.8619101334837376 0.013904001934469827 0.022560631697687406
3 0.4328980776206021 0.8619101334837375 0.01088139281828074 0.026320736980635435
3 0.45163825414097447 0.8675502914081595 0.01088139281828074 0.0338409475465313
3 0.4806553016563898 0.8666102650874226 0.012090436464756351 0.028200789622109354
3 0.5027203482045702 0.8684903177288965 0.01390400193446989 0.028200789622109354
3 0.5302260911618909 0.8722504230118443 0.015717567404183307 0.03948110547095306
3 0.5486640067706444 0.8628501598044745 0.012694958287994156 0.03572100018800522
30 0.7197436827469472 0.793288212069938 0.01753113287389672 0.03572100018800522
30 0.8149558699069037 0.6419439744312841 0.02055374199008587 0.030080842263583464
30 0.2573449401523395 0.5135363790186125 0.011969532100108815 0.0338409475465313
4 0.22823721436343852 0.37986463620981387 0.013601741022850925 0.0338409475465313
