30 0.20510182964685258 0.5178034499129609 0.016433953765810062 0.0237379332172812
30 0.2041888322154187 0.7288073007332383 0.0206946084458349 0.0237379332172812
42 0.21757946120978247 0.5151659017777075 0.008521309360049675 0.026375481352534653
42 0.25075170121854723 0.5164846758453341 0.009129974314338932 0.02110038508202775
37 0.23553507736131568 0.7044099804821438 0.018868613582967125 0.08308276626048433
37 0.23614374231560495 0.9048636387614074 0.022520603308702702 0.08835786253099125
37 0.8895455707451276 0.49010919449279955 0.020694608445834838 0.08967663659861796
37 0.9534553909455 0.24811415308329374 0.038954557074512765 0.04615709236693574
0 0.2644466626900556 0.4742839056812787 0.031650577623041666 0.0659387033813367
0 0.26475099516720024 0.688584691670623 0.029824582760173832 0.059344833043203
0 0.264142330212911 0.8910165110513266 0.028607252851595315 0.0606636071108298
0 0.31435718894177517 0.4439521021258638 0.035302567348777215 0.0474758664345624
0 0.34874675885911843 0.44724903729493065 0.03347657248590935 0.0540697367726961
1 0.35026842124484153 0.30416205095743 0.04382387670882689 0.05802605897557634
1 0.3490510913362631 0.3766946246769003 0.04017188698309128 0.05802605897557628
0 0.9601507054426819 0.3193279527351374 0.027998587897306058 0.06725747744896342
0 0.9202831509367354 0.4729651316136519 0.029824582760173864 0.06593870338133663
3 0.5124776315629299 0.4136202985704489 0.020085943491545608 0.02110038508202775
3 0.5416935493688144 0.4136202985704489 0.011564634131495935 0.0237379332172812
3 0.6281239728778896 0.4136202985704489 0.011564634131496058 0.026375481352534653
3 0.6582528881152081 0.41230152450282215 0.018259948628677806 0.0237379332172812
3 0.6999464374840225 0.4116421374690088 0.009129974314338903 0.022419159149654474
3 0.7282493578584731 0.41230152450282215 0.021911938354413414 0.0422007701640555
3 0.7735948969530231 0.4162578467057024 0.012781964040074513 0.0237379332172812
3 0.8006804874188953 0.41098275043519544 0.014607958902942317 0.018462836946774298
28 0.4856963735742023 0.4953842907633064 0.01278196404007445 0.0422007701640555
28 0.49756534018284293 0.5712137996518436 0.013390628994363801 0.027694255420161445
13 0.4914786906399503 0.43999577992298355 0.018259948628677865 0.034288125758295075
28 0.3137485239874858 0.4960436777971198 0.012173299085785223 0.030331803555414965
28 0.08397750374328948 0.5474758664345624 0.01034730422291745 0.027694255420161445
