34 0.7797540926987636 0.04909292965699525 0.048352559231885146 0.057818225506097186
0 0.839043540328337 0.03557698083738811 0.061016324744997824 0.035291644140085295
30 0.6433308005802307 0.19288760737670455 0.033386290898206175 0.03153721391241667
34 0.7780272155833391 0.2495795038145011 0.047201307821602 0.04730582086862498
34 0.7820565955193295 0.3340541839370457 0.05295756487301701 0.05256202318736111
0 0.8361654118026295 0.3261698804589416 0.05986507333471468 0.042800504595422575
0 0.8332872832769221 0.23756532708596143 0.054108816283299915 0.038295188322220244
13 0.8591904400082889 0.694479485793236 0.06907508461697864 0.028533669730281742
28 0.8551610600722985 0.7211359404096833 0.031083788077640364 0.020273923229410604
28 0.8810642168036656 0.7676908752327745 0.02993253666735746 0.02327746741154557
34 0.41192926711335226 0.9411455517510662 0.058713821924431774 0.04880759295969251
34 0.42229052980589904 0.8371478344446445 0.05180631346273398 0.05406379527842844
42 0.44243742948585113 0.735778218297591 0.0253275310262256 0.016519493001741957
0 0.4735212175634916 0.8255091007388718 0.05526006769358294 0.03228809995795039
0 0.46891621192235966 0.7113744218177449 0.046050056411319096 0.033789872049017754
0 0.4746724689737746 0.9321349192046613 0.06216757615528073 0.03829518832222017
0 0.5500794363473095 0.6948549288160029 0.06331882756556388 0.03228809995795039
0 0.6139738896180149 0.6963567009070704 0.06447007897584678 0.03078632786688287
0 0.6128226382077319 0.6193908812398631 0.04374755359075329 0.01802126509280956
1 0.6157007667334393 0.6208926533309305 0.07483134166839366 0.03454075809455152
1 0.6151251410282977 0.658436955607617 0.08058759871980842 0.02703189763921422
28 0.15232207409454082 0.7541749264131674 0.039142547949621305 0.02628101159368046
28 0.5558356933987244 0.7230131555235177 0.021873776795376644 0.019523037183876924
42 0.3837236075614193 0.7346518892292906 0.016117519743961757 0.015768606956208433
30 0.3566691994197694 0.7369045473658916 0.03338629089820629 0.015768606956208277
30 0.3630010821763257 0.8506637832642517 0.04835255923188503 0.019523037183877004
3 0.9069673735350325 0.38811797921547425 0.01957127397481059 0.012014176728539706
3 0.9558955584720591 0.3869916501471736 0.02763003384679141 0.015768606956208277
3 0.9035136193041837 0.6768336637231933 0.02647878243650826 0.017270379047275797
3 0.9587736869977667 0.6787108788370276 0.0218737767953764 0.01351594881960715
27 0.4096267642927863 0.7316483450471555 0.04259630218047014 0.029284555775815502
