1 0.11837528135870681 0.2204066811909949 0.0907168678807721 0.09440813362381986
1 0.11837528135870681 0.3487049140643912 0.08389605074687949 0.08472524812394093
0 0.1156469545051498 0.2270636649721617 0.049791965077416275 0.0641491164366981
0 0.11803424050201218 0.4600580973129993 0.0641156810585908 0.07746308399903178
0 0.3840461087238251 0.5102880658436214 0.06957233476570492 0.09803921568627451
0 0.11530591364845515 0.7747518760590656 0.06138735420503378 0.09198741224885017
34 0.059716254007230116 0.8013798111837328 0.05252029193097331 0.1621883321229727
34 0.3209535502353182 0.5435729847494554 0.060705272491644445 0.1912369886226096
30 0.16509787872587142 0.8425320745582182 0.04228906623013437 0.045993706124425084
30 0.4474797080690267 0.5786734446865166 0.04228906623013442 0.045993706124425084
