13 0.6876978742650383 0.13148228698467931 0.10854816824966082 0.028998115122517022
13 0.6978742650384441 0.22753854332801696 0.0746268656716418 0.03262287951283169
0 0.3156942559927633 0.07529843893480256 0.11080958842152873 0.030206369919288576
0 0.90479421076436 0.13329466917983662 0.10402532790592499 0.03745589869991784
0 0.9285391225689732 0.5996810207336524 0.08367254635911345 0.04712193707409012
0 0.8324287652645862 0.6981537866705331 0.08593396653098136 0.04108066309023246
34 0.7578018995929444 0.7120487168334058 0.07236544549977388 0.06645401382243482
34 0.901402080506558 0.5549755932531053 0.11985526910900038 0.03262287951283164
28 0.6820443238353685 0.16289691170073944 0.06105834464043398 0.03383113430960322
28 0.7182270465852556 0.3054709777197815 0.0746268656716418 0.03624764390314633
28 0.90479421076436 0.16410516649751097 0.06331976481230189 0.02416509593543085
28 0.9500226142017186 0.20760233918128654 0.06784260515603806 0.043497172683775544
1 0.3111714156490276 0.031801266251027 0.1334237901402082 0.04228891788700401
3 0.10425146992311175 0.6600937605722295 0.03618272274988694 0.025373350732202357
3 0.17661691542288563 0.6570731235803007 0.04522840343735859 0.02174858634188776
3 0.27838082315694257 0.6582813783770721 0.04522840343735893 0.03141462471606011
3 0.3563998190863862 0.6552607413851433 0.05653550429669849 0.027789860325745513
3 0.46268656716417894 0.6570731235803007 0.0474898236092265 0.03141462471606011
3 0.5361827227498868 0.6552607413851433 0.04070556309362276 0.025373350732202447
28 0.3869289914066032 0.11577497462664928 0.04070556309362276 0.01691556715480161
28 0.2670737222976028 0.11819148422019234 0.05427408412483024 0.021748586341887782
28 0.6888285843509724 0.26439031462954904 0.05653550429669849 0.028998115122517047
3 0.1053821800090457 0.3229906722729689 0.038444142921754854 0.010874293170943926
3 0.17661691542288563 0.31997003528104 0.04070556309362276 0.016915567154801633
3 0.27838082315694235 0.32178241747619735 0.03618272274988694 0.025373350732202402
3 0.35526910900045205 0.3211782900778116 0.03618272274988694 0.02416509593543087
3 0.460425146992311 0.3248030544681262 0.038444142921754854 0.02174858634188776
3 0.5350520126639529 0.3248030544681262 0.05201266395296233 0.02658160552897398
