37 0.31119556038122814 0.14702271332105588 0.018096272167933428 0.11049723756906078
37 0.31360839667028595 0.5634335993452017 0.014477017734346705 0.10026601186822164
37 0.3148148148148148 0.7394106813996317 0.01206418144528891 0.09208103130755065
37 0.8003981179876947 0.5624104767751177 0.0132705995898179 0.11049723756906078
37 0.7084087344673664 0.7404338039697156 0.013873808662082333 0.0941272764477184
0 0.3341175051272771 0.1347452424800491 0.02050910845699122 0.06547984448536932
0 0.3350223187356738 0.5470636382238593 0.021112317529255655 0.06752608962553708
0 0.3338159005911449 0.7209944751381216 0.01869948124019786 0.06343359934520158
0 0.5063336952587768 0.40178023327194595 0.024731571962842317 0.0470636382238592
0 0.7295210519966221 0.5143237159811745 0.023525153818313386 0.05115612850419469
0 0.6719145855953673 0.5133005934110907 0.026541199179635676 0.04910988336402694
0 0.8203040173724213 0.5450173930836915 0.022921944746048955 0.06752608962553729
0 0.7271082157075642 0.7189482299979538 0.025937990107371245 0.07161857990587277
1 0.5084449270117023 0.32402291794556987 0.036192544335866855 0.07571107018620826
1 0.7307274701411509 0.3557397176181706 0.031970080830015575 0.07775731532637611
1 0.7283146338520933 0.43758952322488237 0.0283508263964291 0.06547984448536932
3 0.36186512245144176 0.8509310415387764 0.00844492701170225 0.028647431962349066
3 0.38207262637230066 0.8519541641088604 0.009048136083966683 0.026601186822181322
3 0.44510797442393535 0.8570697769592798 0.010857763300760045 0.024554941682013366
3 0.463505851128001 0.8499079189686924 0.01025455422849555 0.03478616738285251
3 0.4936663047412233 0.8499079189686924 0.012667390517553405 0.03478616738285251
3 0.5141754131982145 0.845815428688357 0.007841717939437816 0.01841620626151013
3 0.5461454940282302 0.8560466543891959 0.012667390517553343 0.022508696541845622
3 0.5669562070213537 0.8570697769592797 0.0132705995898179 0.04501739308369145
28 0.4882374230908433 0.4826069163085738 0.013873808662082272 0.03273992224268472
28 0.5211123175292557 0.4785144260282382 0.010857763300760045 0.024554941682013522
28 0.6079744239353361 0.5613873542050338 0.014477017734346643 0.038878657663188
28 0.6710097719869708 0.5654798444853694 0.010254554228495487 0.038878657663188
28 0.6812643262154663 0.6350521792510744 0.012667390517553468 0.051156128504194896
28 0.605259983110146 0.7394106813996317 0.011460972373024477 0.038878657663188
28 0.6149113282663771 0.805913648455085 0.011460972373024477 0.03683241252302026
13 0.6106888647605261 0.677000204624514 0.01749306309566893 0.04501739308369145
13 0.6097840511521293 0.5020462451401678 0.019302690312462355 0.0470636382238592
30 0.7430932561225722 0.7721506036423165 0.019302690312462355 0.03478616738285251
30 0.8435275666546026 0.5931041538776345 0.0150802268066112 0.04092490280335575
2 0.9512003860538063 0.7670349907918969 0.01809627216793349 0.06957233476570503
30 0.2596211847026179 0.45498260691630854 0.015080226806611169 0.042971147943523545
4 0.22915912655326337 0.3004910988336403 0.013270599589817838 0.053202373644362644
