28 0.08680933381695081 0.5379084967320261 0.01148591464151856 0.03267973856209143
28 0.3201547575867489 0.48300653594771237 0.011485914641518545 0.01960784313725499
28 0.49123443356305163 0.4856209150326796 0.009067827348567262 0.03529411764705882
28 0.5039293918510458 0.561437908496732 0.012694958287994218 0.030065359477124166
30 0.2089227421109902 0.5078431372549019 0.01632208922742111 0.030065359477124166
30 0.21013178575746586 0.718954248366013 0.019949220166848004 0.026143790849673276
42 0.22252448313384113 0.5065359477124183 0.007254261878853817 0.02483660130718951
42 0.25486640067706445 0.5058823529411764 0.010276870995042936 0.023529411764705882
0 0.2711884899044856 0.46405228758169925 0.028412525692177462 0.052287581699346414
0 0.31834119211703543 0.43202614379084964 0.03687583121750692 0.050980392156862786
0 0.3546125015113046 0.4359477124183006 0.03808487486398259 0.050980392156862654
0 0.9666908475395962 0.30653594771241827 0.026598960222464045 0.061437908496731995
0 0.9258856244710435 0.46405228758169925 0.03566678757103125 0.06274509803921573
0 0.269677185346391 0.676470588235294 0.030226091161890938 0.05620915032679744
0 0.26907266352315323 0.8823529411764706 0.02901704751541533 0.05751633986928107
1 0.35310119695321 0.292156862745098 0.03989844033369601 0.05620915032679734
1 0.3540079796880668 0.3686274509803921 0.04413009309636083 0.05751633986928094
37 0.24066013783097573 0.6947712418300654 0.019344698343610228 0.08758169934640524
37 0.24156692056583243 0.896078431372549 0.021158263813323676 0.08235294117647059
37 0.8956595333091525 0.47777777777777775 0.01753113287389672 0.09803921568627455
37 0.9627614556885504 0.23660130718954242 0.03687583121750686 0.04444444444444443
13 0.4969773908838109 0.4261437908496732 0.019344698343610196 0.04183006535947711
3 0.5187401765203724 0.40392156862745093 0.012090436464756351 0.026143790849673276
3 0.5477572240357877 0.4013071895424836 0.015717567404183244 0.02614379084967314
3 0.6348083665820337 0.40522875816993464 0.015717567404183307 0.02614379084967314
3 0.6617095877161165 0.40522875816993453 0.012694958287994156 0.031372549019607794
3 0.7058396808124774 0.4026143790849673 0.018740176520372454 0.028758169934640535
3 0.7351589892395115 0.4026143790849673 0.015717567404183307 0.026143790849673276
3 0.776870995042921 0.4026143790849672 0.016926611050658916 0.03398692810457519
3 0.8089106516745255 0.40522875816993464 0.014508523757707694 0.02614379084967314
4 0.8433683955990812 0.7209150326797386 0.02297182928303709 0.03790849673202622
