1 0.08535536580871056 0.17903298087521047 0.058016121656394394 0.07751656310938312
1 0.14234767355352154 0.1808497753230866 0.054603408617782956 0.07872775940796724
1 0.1969510821713045 0.18024417717379454 0.05323832340233839 0.08236134830371958
1 0.24984813426978175 0.18145537347237864 0.04982561036372693 0.08236134830371956
1 0.30376900027984244 0.1820609716216707 0.056651036440949806 0.07630536681079902
1 0.08842680754346086 0.5950789094388528 0.05869866426411669 0.08115015200513548
1 0.14541911528827184 0.5981069001853131 0.05255578079461611 0.08478374090088778
1 0.1989987099944714 0.5950789094388528 0.05050815297144925 0.07872775940796722
1 0.25223703339680975 0.596895703886729 0.053238323402338326 0.07751656310938317
1 0.30786425592617617 0.5962901057374368 0.059381206871838906 0.0787277594079673
1 0.756977291807441 0.05730775286750723 0.062111377302728255 0.07630536681079902
1 0.7576598344151634 0.15965384009786468 0.06347646251817285 0.0726717779150467
0 0.08910935015118315 0.18569456051742306 0.04368272689422635 0.05692622603345323
0 0.14234767355352157 0.1808497753230866 0.03958747124789266 0.0520814408391168
0 0.19626853956358226 0.18266656977096277 0.045047812109670966 0.0532926371377009
0 0.24882432035819832 0.18024417717379454 0.03958747124789266 0.05087024454053267
0 0.30308645767212017 0.18145537347237867 0.05119069557917152 0.05087024454053269
0 0.4054678488304633 0.2359592069086637 0.06347646251817268 0.0726717779150467
0 0.7559534778958578 0.05912454731538339 0.04641289732511553 0.05087024454053267
0 0.6986198988471856 0.2438319828494604 0.060063749479561196 0.07630536681079904
0 0.7603900048460526 0.24201518840158426 0.055285951225505295 0.07751656310938312
0 0.40922183317293576 0.6465547521286774 0.061428834695005874 0.09205091869239239
30 0.24131635167325313 0.34254448118406555 0.03958747124789266 0.04360306674902806
30 0.24575287862344802 0.76222399864346 0.03344458777839208 0.03512469265893924
30 0.48600787654169314 0.761618400494168 0.025254076485724614 0.03633588895752322
30 0.48293643480694276 0.34436127563194163 0.027301704308891502 0.03996947785327571
30 0.6310481806826791 0.3467836682291099 0.03139695995522511 0.03512469265893924
30 0.7276279596753827 0.3522340515727384 0.03344458777839191 0.03875828155469155
29 0.4324282818354936 0.34738926637840195 0.027301704308891502 0.03391349636035515
29 0.43515845226638267 0.761618400494168 0.03139695995522519 0.031491103763187006
52 0.34949935499723567 0.34981165897557015 0.056651036440949806 0.1041628816782336
52 0.35018189760495794 0.7652519893899203 0.05255578079461603 0.09931809648389708
27 0.40819801926135235 0.7270993059845208 0.011603224331278948 0.03512469265893924
27 0.40683293404590787 0.3098421811222945 0.01023813911583427 0.02906871116601868
25 0.6750721788807666 0.347994864527694 0.0348096729938365 0.04481426304761214
42 0.3979598801455181 0.7652519893899203 0.014333394762168047 0.03149110376318686
42 0.39864242275324036 0.34981165897557015 0.01979373562394633 0.03149110376318686
4 0.38465029929493344 0.34436127563194163 0.009555596508111974 0.03512469265893924
4 0.3853328419026557 0.7664631856885044 0.009555596508111974 0.038758281554691625
4 0.31741985243428816 0.7640407930913361 0.015698479977612555 0.029068711166018602
4 0.3160547672188436 0.347994864527694 0.012968309546723454 0.039969477853275676
10 0.302745186368259 0.3510228552741543 0.019111193016224035 0.031491103763186895
10 0.30035628724123103 0.7628295967927521 0.01979373562394633 0.03149110376318686
