4 0.021011961469249517 0.6131232743219102 0.023817084788821934 0.022557883529135733
3 0.38885360431883137 0.6099651706278311 0.029109770297448937 0.01985093750563948
3 0.3895151900074098 0.6428996805803693 0.022493913411665078 0.01894862216447406
3 0.8374087011749762 0.6126721166513274 0.021170742034508222 0.018046306823308645
3 0.838731872552133 0.6397415768862903 0.023817084788821722 0.018046306823308645
3 0.6144543241240606 0.5413892046992583 0.033079284428919296 0.010827784093985158
4 0.8837196993754631 0.13444498583364917 0.03175611305176244 0.0144370454586469
4 0.9207684979358527 0.022557883529135764 0.03440245580607594 0.010827784093985167
13 0.6296707949613635 0.48409218053525355 0.05292685508627087 0.027971775576128313
28 0.6137927384354822 0.5228917402053671 0.026463427543135434 0.022557883529135733
1 0.2962316079178575 0.4741667117824338 0.0873293108923468 0.04601808239943696
1 0.2995395363607495 0.5233428978759498 0.09394516777813067 0.03970187501127896
0 0.30086270773790624 0.5680075072636386 0.09129882502381717 0.036994928987782706
0 0.29557002222927914 0.4782271308176782 0.05954271197205452 0.025264829552632057
3 0.8374087011749762 0.809828018695974 0.01852439928019493 0.017143991482143153
3 0.8380702868635547 0.8571995741071592 0.022493913411665078 0.023460198870301152
3 0.3895151900074098 0.8576507317777418 0.022493913411665078 0.02075325284680497
30 0.34320419180692285 0.8553949434248281 0.043664655446173296 0.021655568187970316
30 0.8810733566211495 0.8571995741071592 0.03440245580607594 0.02165556818797046
16 0.9359849687731556 0.8567484164365763 0.056896369217741015 0.02436251421146664
27 0.8797501852439928 0.8125349647194703 0.03969514131470315 0.020753252846804824
1 0.9359849687731556 0.6853085016151444 0.10188419604107117 0.04601808239943696
0 0.9267227691330582 0.7732842473787741 0.08071345400656295 0.034287982964286305
0 0.9346617973959988 0.6839550286033963 0.07012808298930873 0.030678721599624637
1 0.6164390811897957 0.7362893183909914 0.4234148406901661 0.30317795463158476
