29 0.942536646622715 0.27319528246187524 0.013282136733560343 0.05184107829442852
29 0.9579318505638871 0.27319528246187524 0.012678403245671276 0.04896101838918251
28 0.9434422468545486 0.35023688492720656 0.013885870221449409 0.05328110824705153
28 0.9597430510275544 0.3509568999035181 0.010263469294114863 0.04896101838918251
3 0.9434422468545486 0.45607908644499817 0.016300804173005824 0.02016041933672219
3 0.960044917771499 0.4553590714686866 0.013282136733560343 0.01872038938409918
57 0.9497814484773842 0.48991979033163896 0.04346881112801572 0.05040104834180552
1 0.4187978458789152 0.3257563757326153 0.03924267671279189 0.06768140777328169
1 0.45804052259170713 0.3257563757326153 0.0404501436885701 0.06480134786803568
1 0.49667946581660993 0.3279164206615498 0.03803520973701369 0.07200149763115071
1 0.5359221425294018 0.3286364356378613 0.03924267671279189 0.06768140777328169
1 0.5736554855224709 0.3286364356378613 0.03863894322490275 0.07344152758377372
1 0.5736554855224709 0.2263943090016273 0.037431476249124615 0.0648013478680357
1 0.60474776014876 0.40423800815056954 0.018715738124562235 0.04320089857869048
1 0.6056533603805936 0.8052863499560792 0.012074669757782137 0.059041228057543645
1 0.4184959791349706 0.7282447474907479 0.04105387717645924 0.0748815575363969
1 0.45743678910381796 0.7289647624670594 0.03924267671279189 0.06768140777328178
1 0.49667946581660993 0.7304047924196824 0.03803520973701369 0.0676814077732816
1 0.5338090753217899 0.7260847025618133 0.039846410200681026 0.061921287962789576
1 0.5739573522664155 0.7304047924196824 0.0404501436885701 0.0676814077732816
1 0.5736554855224709 0.6324827556413174 0.03260160834601179 0.059041228057543645
0 0.6488203047646648 0.38839767867171643 0.04165761066434845 0.0720014976311508
0 0.6488203047646648 0.7930460953587835 0.04890241251901761 0.07488155753639664
27 0.6491221715086093 0.4531990265397521 0.012074669757782137 0.025920539147214306
27 0.6497259049964983 0.8556873982978846 0.012074669757782137 0.024480509194591212
30 0.5316960081141782 0.8909681321371484 0.029582940906566237 0.034560718862952346
30 0.7049675191383517 0.8924081620897714 0.02596053997923147 0.034560718862952346
30 0.7052693858822962 0.4863197154500814 0.021734405564007714 0.04032083867344438
30 0.5319978748581226 0.4906398053079504 0.020526938588229654 0.034560718862952346
10 0.5703349513390809 0.48847976037901597 0.016300804173005824 0.03888080872082137
3 0.5812021541210848 0.48919977535532744 0.01026346929411479 0.02592053914721422
3 0.6328213673356033 0.48847976037901597 0.008452268830447519 0.03888080872082137
42 0.6409717694221063 0.492799850236885 0.01026346929411479 0.03600074881557545
52 0.6065589606124272 0.48703973042639287 0.0416576106643483 0.09936206673098802
10 0.5721461518027482 0.8924081620897714 0.011470936269892996 0.03744077876819836
3 0.5805984206331957 0.8895281021845255 0.009056002318336585 0.023040479241968292
3 0.6319157671037697 0.8924081620897714 0.006641068366780171 0.03168065895770633
42 0.6412736361660509 0.8909681321371484 0.013282136733560343 0.025920539147214306
52 0.6065589606124272 0.893128177066083 0.03924267671279189 0.10224212663623412
29 0.6660267091695043 0.4899197903316389 0.021734405564007936 0.03312068891032934
29 0.6666304426573934 0.8938481920423943 0.02294187253978607 0.034560718862952346
4 0.24673380183051996 0.45175899658712904 0.024753073003453377 0.02880059905246032
