1 0.06588223097657059 0.17318454290074986 0.05788236920312393 0.048662876860802035
1 0.13542746561614485 0.17373753013780446 0.05701845324486832 0.049768851334911185
1 0.20886032206786925 0.17484350461191356 0.0604741170778907 0.05198080028312945
1 0.3086426152463888 0.17318454290074986 0.057882369203123986 0.05308677475723863
1 0.3794837238233464 0.1709725939525316 0.05788236920312388 0.05087482580902035
1 0.4533485382541986 0.17539649184896816 0.05701845324486832 0.044238978964365495
1 0.06329048310180387 0.24673184542900753 0.05615453728661275 0.04534495343847461
1 0.13542746561614485 0.24728483266606208 0.055290621328357194 0.046450927912583755
1 0.20842836408874144 0.2489437943772258 0.0544267053701016 0.04534495343847464
1 0.3116663211002833 0.24562587095489838 0.06047411707789057 0.04976885133491117
1 0.38121155573985754 0.24673184542900753 0.054426705370101525 0.0497688513349112
1 0.45075679037943184 0.24617885819195298 0.05874628516137955 0.050874825809020315
0 0.0654502729974428 0.31530226282377405 0.053562789411846015 0.04534495343847464
0 0.1362913815744004 0.31474927558671945 0.060474117077890674 0.04423897896436546
0 0.20842836408874144 0.31530226282377405 0.05788236920312391 0.040921055542038086
0 0.3108024051420277 0.31474927558671945 0.055290621328357194 0.04202703001614723
0 0.38164351371898536 0.3158552500608286 0.05010712557882371 0.04866287686080202
0 0.45075679037943184 0.31530226282377405 0.060474117077890674 0.04534495343847464
28 0.26328702743797083 0.4220287995753058 0.027645310664178545 0.03317923422327418
