1 0.4057958848657825 0.09962395620195769 0.04166122583493447 0.04755848034065143
1 0.4462134920190771 0.10294198971409615 0.04041760715329464 0.04755848034065143
1 0.4872529085131917 0.1046010064701654 0.03668675110837515 0.046452469169938615
1 0.5264268969848466 0.10404800088480898 0.03917398847165481 0.04755848034065145
1 0.5662226947973212 0.1046010064701654 0.0429048445165743 0.05308853619421556
1 0.5649790761156814 0.028286235690980526 0.025494182973616688 0.04645246916993861
1 0.4061067895361924 0.4120721119283305 0.04352665385739425 0.05087651385278992
1 0.4480789200415369 0.4131781230990434 0.04041760715329464 0.04645246916993858
1 0.4878747178540116 0.4126251175136869 0.04041760715329464 0.0475584803406514
1 0.5267378016552564 0.4115191063429741 0.04103941649411459 0.054194547364928375
1 0.5668445041381412 0.41428413426975613 0.04041760715329464 0.04866449151136422
1 0.5656008854565013 0.33631034673450205 0.03295589506345559 0.049770502682077035
1 0.40672859887701235 0.7228612508986341 0.04103941649411459 0.057512580877066836
1 0.4455916826782572 0.7212022341425648 0.0429048445165743 0.051982525023502806
1 0.48756381318360165 0.7217552397279213 0.03855217913083493 0.04645246916993865
1 0.5276705156664864 0.7267322899961288 0.03544313242673532 0.051982525023502674
1 0.5665335994677312 0.7234142564839904 0.04103941649411459 0.051982525023502806
1 0.5671554088085511 0.6465464801194492 0.029846848359356054 0.05308853619421556
0 0.643948862399811 0.14718243654260912 0.0441484631982142 0.04977050268207707
0 0.6427052437181712 0.45852458109826916 0.04539208187985403 0.04866449151136429
0 0.6458142904222707 0.7654426809710778 0.0429048445165743 0.0475584803406514
1 0.5966913524974973 0.1648786152740143 0.021763326928697126 0.036498368633523195
1 0.6004222085424167 0.47345573190289225 0.020519708247057296 0.03428634629209751
1 0.6016658272240566 0.7820328485317701 0.019276089565417466 0.03207432395067194
30 0.5217633269286971 0.2279212520046453 0.023628754951156832 0.0276502792678206
30 0.523006945610337 0.5364983686335232 0.024872373632796735 0.03207432395067194
30 0.522074231599107 0.8483935187745395 0.021763326928697126 0.03428634629209758
30 0.7008444170848334 0.22958026876071455 0.023628754951156832 0.03318033512138473
30 0.7017771310960633 0.5403694077310182 0.02673780165525637 0.028756290438533418
30 0.7023989404368831 0.8461814964331139 0.024250564291976858 0.025438256926394894
27 0.643637957729401 0.20082397832218107 0.01119256813475854 0.017696178731405197
27 0.643637957729401 0.5082950837803462 0.007461712089838975 0.017696178731405166
27 0.6451924810814509 0.8190842227506497 0.008083521430658928 0.02212022341425637
10 0.5643572667748615 0.5381573853895925 0.010570758793938663 0.0199082010728308
10 0.5634245527636316 0.2284742575900017 0.007461712089838975 0.022120223414256505
10 0.5643572667748615 0.8494995299452525 0.010570758793938663 0.025438256926394894
3 0.5733735022167503 0.22681524083393248 0.006218093408199222 0.02322623458496929
3 0.5739953115575702 0.5392633965603053 0.007461712089839051 0.02654426809710778
3 0.5733735022167503 0.8483935187745395 0.009948949453118635 0.023226234584969255
3 0.6259163915160334 0.22681524083393248 0.006839902749019099 0.02986230160924627
3 0.6262272961864433 0.5353923574628104 0.007461712089838975 0.025438256926394894
3 0.6277818195384931 0.846181496433114 0.00559628406737927 0.023226234584969255
42 0.6352435316283321 0.22736824641928885 0.006839902749019099 0.03539235746281036
42 0.6364871503099719 0.5387103909749489 0.010570758793938586 0.023226234584969325
42 0.6371089596507918 0.8483935187745395 0.009327140112298756 0.023226234584969255
29 0.6604268099315388 0.23013327434607092 0.017410661542957687 0.023226234584969325
29 0.6613595239427688 0.5376043798042361 0.019276089565417466 0.02543825692639496
29 0.6622922379539986 0.848946524359896 0.022385136269517002 0.019908201072830735
52 0.6001113038720067 0.22902726317535813 0.037308560449195026 0.07410274843775924
52 0.6007331132128267 0.5370513742188796 0.04103941649411459 0.07299673726704636
52 0.6007331132128267 0.8445224796770447 0.04228303517575442 0.0729967372670463
4 0.9110159742819657 0.915860200188022 0.021141517587877173 0.02765027926782053
