3 0.028615057761253507 0.391471740211236 0.025349766420009454 0.027889943856330375
30 0.2676271411499136 0.9426012829374174 0.059149454980021936 0.060630312731153095
27 0.35152279668280195 0.56729964713158 0.028971161622867857 0.05456728145803769
0 0.3967902367185331 0.6449064474274558 0.07604929926002824 0.07881940655049897
0 0.11794280609842951 0.3090145148968679 0.08329208966574517 0.05699249396728387
0 0.24046667712847503 0.3090145148968679 0.09898480221146524 0.059417706476529976
0 0.3485049673470865 0.30719560551493325 0.0929491435400344 0.06305552524039917
0 0.1155285426298572 0.14652527677737764 0.06639224538573886 0.04244121891180712
0 0.23080962325418572 0.14470636739544304 0.0700136405885974 0.04122861265718408
1 0.12216776716843103 0.14834418615931225 0.10622759261718231 0.06790595025889141
1 0.2289989256527565 0.14591897365006612 0.09777767047717915 0.0679059502588914
1 0.11975350369985878 0.22958880521905733 0.09657053874289294 0.06548073774964532
1 0.233223886722758 0.22958880521905733 0.09898480221146538 0.06548073774964532
28 0.1855421832184546 0.4272436247226163 0.04224961070001576 0.0412286126571841
30 0.4233471348728286 0.39389695272048214 0.04224961070001563 0.03274036887482266
29 0.37868326070424063 0.3908654370839245 0.039835347231443316 0.02910255011095343
