3 0.20220295055821375 0.19587703962703962 0.029904306220095794 0.03277972027972026
3 0.19534988038277515 0.7555604118104119 0.031150318979266314 0.03035159285159282
28 0.8625897129186602 0.22804972804972803 0.02990430622009567 0.04613442113442114
28 0.869442783094099 0.3500631313131313 0.056070574162679285 0.044920357420357444
28 0.8706887958532694 0.5206390831390831 0.041118421052631575 0.04613442113442114
28 0.8669507575757575 0.6554001554001554 0.04361044657097286 0.04856254856254861
28 0.8713118022328548 0.7798416860916861 0.05731658692185006 0.04249222999222997
28 0.8738038277511961 0.9067113442113443 0.05731658692185006 0.046134421134421205
3 0.8171102472089314 0.9825903263403265 0.028658293460924904 0.027923465423465414
27 0.2775867224880383 0.16795357420357418 0.02616626794258374 0.03277972027972029
0 0.27820972886762363 0.10967851592851591 0.10715709728867626 0.05463286713286713
3 0.20344896331738438 0.32517482517482516 0.034888357256778364 0.04127816627816627
3 0.20220295055821375 0.5012140637140637 0.024920255183412975 0.029137529137529178
3 0.20220295055821375 0.631725912975913 0.032396331738437076 0.02549533799533789
3 0.20095693779904308 0.8885003885003886 0.037380382775119646 0.024281274281274304
