27 0.1537569718618788 0.5462091092976215 0.02715631593240166 0.061030899072330266
27 0.2652545382381818 0.547080979284369 0.028723026466963297 0.05579967915184474
30 0.38380230202001214 0.6961707470182047 0.03290092122579432 0.10636813838320432
28 0.5242840132857053 0.6098556183301944 0.027678552777255516 0.1011369184627188
28 0.6804328298970148 0.6325242379856315 0.03498986860520974 0.055799679151844805
0 0.7237784880198866 0.4476878007951454 0.04752355288170283 0.14996163772058305
0 0.5582294082012074 0.3875287717095626 0.05170144764053389 0.12031805817116552
0 0.6263813164546385 0.3875287717095626 0.04909026341626448 0.11683057822417525
0 0.21198638006308623 0.40147869149752385 0.046479079191995155 0.10288065843621393
0 0.6235090138079421 0.06319313663946431 0.038123289674333115 0.07498081886029156
1 0.2145975642873556 0.24715770384320288 0.06110171084790371 0.14298667782660252
1 0.6282091454116271 0.07016809653344493 0.0746798688141045 0.13426797795912673
1 0.6271646717219193 0.24454209388296017 0.06632407929644248 0.11334309827718492
27 0.6817384220091495 0.5444653693241264 0.03237868438094033 0.05754341912534
