30 0.050285532994923866 0.643531976744186 0.03331218274111675 0.09084302325581395
30 0.766497461928934 0.6883478682170543 0.05393401015228426 0.06661821705426356
30 0.9756239424703891 0.6417151162790697 0.031197123519458542 0.0872093023255814
30 0.8825613367174281 0.5109011627906976 0.028024534686971234 0.0436046511627907
30 0.6800444162436547 0.512718023255814 0.035427241962774955 0.04239341085271318
29 0.8534792724196277 0.5133236434108527 0.028024534686971234 0.050872093023255814
42 0.8167301184433163 0.5121124031007752 0.01692047377326565 0.05571705426356589
42 0.7085977157360406 0.5102955426356589 0.014276649746192893 0.047238372093023256
4 0.7241962774957699 0.5102955426356589 0.011632825719120134 0.04481589147286821
4 0.7998096446700508 0.5133236434108527 0.014805414551607445 0.050872093023255814
52 0.7601522842639593 0.515140503875969 0.062394247038917085 0.14171511627906977
0 0.8296848561759729 0.38311531007751937 0.06080795262267343 0.08842054263565892
0 0.3471869712351946 0.38674903100775193 0.07402707275803722 0.11022286821705427
0 0.6425021150592216 0.21354166666666666 0.05340524534686971 0.07388565891472867
0 0.7059538917089678 0.21354166666666666 0.0512901861252115 0.07873062015503876
0 0.7654399323181049 0.21172480620155038 0.04970389170896785 0.07025193798449612
0 0.8238684433164128 0.21233042635658914 0.04706006768189509 0.0690406976744186
0 0.8878489847715736 0.21414728682170542 0.0481175972927242 0.07025193798449612
1 0.34189932318104904 0.24200581395348836 0.07296954314720812 0.1187015503875969
1 0.6430308798646361 0.21051356589147285 0.06926818950930626 0.1187015503875969
1 0.708068950930626 0.21475290697674418 0.058692893401015224 0.12960271317829458
1 0.7667618443316413 0.21354166666666666 0.05552030456852792 0.1247577519379845
1 0.8246615905245347 0.21111918604651161 0.062394247038917085 0.12718023255813954
1 0.8912859560067682 0.21233042635658914 0.062394247038917085 0.1320251937984496
27 0.8317999153976311 0.4576065891472868 0.017449238578680203 0.036337209302325583
27 0.41936336717428085 0.5121124031007752 0.02590947546531303 0.04844961240310078
27 0.26945854483925546 0.5139292635658914 0.028553299492385786 0.03997093023255814
30 0.5774640439932318 0.6380813953488372 0.035427241962774955 0.11385658914728682
42 0.6033735194585448 0.5096899224806202 0.029082064297800338 0.0436046511627907
