30 0.34192481568008737 0.5779090223674289 0.016383992232774033 0.06366758817123219
1 0.5455110895354834 0.25119376727821063 0.04733153311690282 0.08042221663734604
1 0.7497041779180194 0.2227108988858172 0.0418702023726448 0.08042221663734599
1 0.7921811948178038 0.2218731674625115 0.0418702023726448 0.08209767948395738
1 0.8334445826633089 0.22019770461590013 0.0418702023726448 0.08879953087040289
1 0.8762250068266633 0.2210354360392058 0.04126338784550505 0.08712406802379155
1 0.9180952091993081 0.22019770461590013 0.04126338784550505 0.08879953087040289
1 0.9162747656178887 0.1037530367764095 0.03762250068266627 0.08377314233056876
1 0.8298036955004702 0.3676384351177013 0.02609302466701047 0.06199212532462091
0 0.5442974604812039 0.3634497780011728 0.04975879122546188 0.07372036525090064
0 0.8768318213538031 0.3600988523079501 0.043690645954064036 0.08377314233056887
3 0.979383476440426 0.03422132864203739 0.019418064868472956 0.04858842255172989
27 0.4939318547286022 0.46900393733768947 0.025486210139870725 0.0469129597051185
27 0.5967869170787948 0.47235486303091223 0.02730665372129012 0.043562034011895664
42 0.7245213750417184 0.4673284744910781 0.016990806759913817 0.050263885398341285
30 0.7020692375375467 0.5753958280975119 0.019418064868473035 0.07539582809751182
30 0.7754937953214598 0.46816620591438385 0.020631693922752447 0.038535645472061654
30 0.832837768136169 0.6239842506492418 0.024879395612730983 0.04858842255172978
30 0.9147577293000394 0.46816620591438385 0.024879395612730983 0.038535645472061654
29 0.8941260353772867 0.4740303258775236 0.01638399223277407 0.04021110831867299
27 0.8771352286173729 0.4229287090558767 0.010315846961376303 0.02848286839239342
42 0.794305045662793 0.46816620591438385 0.00728177432567726 0.041886571165284436
42 0.868943232500986 0.46984166876099526 0.010922661488516049 0.041886571165284436
3 0.8034072635698897 0.4698416687609952 0.007281774325677419 0.0318337940856162
3 0.8583239782760397 0.4706794001843009 0.010315846961376303 0.030158331239004812
52 0.8307139172911798 0.47151713160760655 0.043690645954064196 0.12230878780263037
30 0.9815073272854151 0.5795844852140404 0.018811250341333054 0.0804222166373461
3 0.7014624230104068 0.03589679148864875 0.019418064868472956 0.04523749685850716
