1 0.1772578378084902 0.3117323852617971 0.05067353574595668 0.09372979961215261
1 0.565754945194158 0.17436974789915966 0.04826051023424444 0.0904977375565611
1 0.565754945194158 0.3052682611506141 0.04705399747838836 0.0872656755009697
0 0.1772578378084902 0.4224305106658048 0.04826051023424444 0.06948933419521655
0 0.500603256377928 0.4127343244990304 0.04705399747838836 0.08241758241758237
0 0.5642468042493378 0.41435035552682614 0.042831202832891976 0.07595345830639946
0 0.6604661965288628 0.4595992243051067 0.03619538267568342 0.085649644473174
27 0.12447290473978531 0.5355526826115062 0.02835304976261861 0.04040077569489339
27 0.228836258121339 0.5315126050420168 0.025940024250906392 0.03555268261150607
30 0.3362158933925329 0.6430187459599225 0.015081409448201409 0.054945054945054916
28 0.4683290401587771 0.5816095669036847 0.015081409448201409 0.045248868778280604
28 0.6206512755856112 0.5961538461538461 0.02895630614054673 0.04524886877828049
3 0.3365175215814969 0.10649644473173882 0.02413025511712222 0.05171299288946346
