3 0.47718678492668665 0.13056088577163147 0.019356667334932652 0.02315886984715145
3 0.4754585110574962 0.2673084982024305 0.015900119596551826 0.031981296455590086
3 0.47718678492668665 0.45754207194688895 0.020739286430284866 0.028672886477425625
3 0.47891505879587704 0.6014579059970445 0.02143059597796107 0.027570083151370807
3 0.47718678492668665 0.742616731732063 0.016591429144227832 0.03198129645559016
3 0.47476720150982 0.8788129424998345 0.02281321507331338 0.030878493129535264
27 0.5262697628116941 0.09802818765301395 0.022121905525637177 0.028672886477425625
3 0.8847137632817846 0.9857848651271532 0.029726310550075036 0.024261673173206186
28 0.9178966215702405 0.1603365755751119 0.02004797688260876 0.04300932971613842
28 0.9165140024748881 0.29984119632104805 0.01866535778725655 0.0463177396943029
28 0.9182422763440785 0.49007477006550654 0.0124435718581709 0.04300932971613844
28 0.9199705502132689 0.6279251858223603 0.02143059597796097 0.04300932971613844
28 0.9196248954394309 0.7701868148834338 0.01382619095352331 0.045214936368248
28 0.9175509667964024 0.9141026489335893 0.019356667334932555 0.03749531308586418
