1 0.5172955784005534 0.18611382602811818 0.039446056001262275 0.06515800816981174
1 0.5646308456020681 0.18486078740946799 0.04065978080130113 0.0651580081698118
1 0.5185093032005922 0.25879006590983133 0.04187350560133999 0.06265193093251131
1 0.5667548640021361 0.2619226624564569 0.04126664320132059 0.05638673783926017
0 0.5157784224005049 0.3277071899355939 0.04248036800135932 0.05012154474600909
0 0.5664514328021264 0.3295867478635691 0.043087230401378844 0.04886850612735885
0 0.6140901312036509 0.3295867478635691 0.038839193601242945 0.05137458336465927
0 0.08945758638686267 0.6453524797634262 0.043087230401378795 0.04886850612735885
0 0.633813159204282 0.6184121494624465 0.03337743200106814 0.07017016264441264
27 0.09188503598694035 0.6973535824374107 0.013957835200446645 0.027566849610305064
28 0.4447755215982328 0.6353281708142245 0.013350972800427203 0.04135027441545753
28 0.4444720903982231 0.7957171140014534 0.012744110400407807 0.033832042703556206
28 0.44538238399825225 0.9573590958073327 0.01577842240050491 0.02881988822895524
28 0.5473352672015147 0.4323359145928877 0.013350972800427203 0.03633811994085656
3 0.48058040319937856 0.40226298774528235 0.016992147200543765 0.026313810991654755
30 0.6444332512046219 0.40226298774528235 0.01699214720054383 0.03633811994085656
30 0.5849607360027187 0.8790441821416936 0.014564697600466187 0.05262762198330951
29 0.6280479664040975 0.39975691050798184 0.01699214720054383 0.026313810991654755
