27 0.242212786873245 0.5936897588331244 0.03451106707173596 0.05257410927326402
27 0.38444021480524776 0.5957118399590191 0.031373697337941785 0.056618271525053505
3 0.5329423822048389 0.05177201709332575 0.01987000831402975 0.04448578476968496
4 0.6793529697819005 0.5943637858750892 0.009412109201382569 0.04852994702147455
4 0.7583101080823874 0.5930157317911593 0.011503689023911986 0.04852994702147443
42 0.7742584042291745 0.5943637858750892 0.017255533535868027 0.05661827152505362
42 0.6673263858023563 0.5943637858750892 0.016732638580235625 0.04852994702147455
29 0.8032790742667706 0.5916676777072295 0.028236327604147612 0.04852994702147443
30 0.8349142190825285 0.5943637858750892 0.032942382204838944 0.059314379692913276
30 0.6417045329763705 0.5923417047491945 0.02928211751541232 0.05257410927326415
42 0.5684992391878395 0.5916676777072295 0.019870008314029845 0.05661827152505362
30 0.5358183044608169 0.7392795998975478 0.026667642737250596 0.09301573179115939
30 0.7253677258775485 0.7878095469190223 0.04810633591817737 0.06605465011256252
30 0.9251135989291113 0.7298432213100389 0.03241948724920663 0.11997681346975637
3 0.9258979413625599 0.058512287512974985 0.02143869318092677 0.039093568433965574
1 0.3188168978733862 0.30116202262034747 0.07581976856669262 0.15502621965193247
1 0.5988271466145165 0.26274248122834687 0.0679763442322072 0.13210930022512507
1 0.6634046736351135 0.261394427144417 0.06117870980898646 0.13480540839298474
1 0.7219689086659381 0.2593723460185222 0.05594976025266291 0.13884957064477432
1 0.7815789336080275 0.26341650827031177 0.05804134007519224 0.1442417869804937
1 0.8424961959391978 0.26409053531227666 0.06170160476461886 0.14289373289656385
0 0.31541808066177585 0.4534921341044202 0.07215950387726609 0.10380016446259822
0 0.605101886082105 0.2708308057319259 0.046014756095647945 0.08088324503579086
0 0.6639275685907459 0.27150483277389087 0.04549186114001554 0.09031962362329976
0 0.7209231187546734 0.2708308057319259 0.04653765105128035 0.08088324503579086
0 0.7800102487411305 0.27352691389978556 0.04549186114001554 0.08357935320365058
0 0.8388359312497714 0.2708308057319259 0.04601475609564804 0.08357935320365052
0 0.7847163033418216 0.4480999177687009 0.07163660892163373 0.1038001644625983
52 0.7204002237990411 0.5923417047491945 0.05908712998645704 0.1604184359876518
30 0.031486119753402694 0.7413016810234425 0.029282117515412334 0.11593265121796689
