3 0.40275299260120706 0.19281950414025884 0.028071301104806115 0.026711347466064447
3 0.40375553906923584 0.31666302421019393 0.02606620816874857 0.024283043150967656
3 0.4022517193671927 0.4915009348971612 0.027068754636777343 0.031567956096257996
3 0.40576063200529344 0.623843520069935 0.020050929360575814 0.026711347466064485
3 0.40325426583522145 0.7495082683761928 0.025063661700719796 0.03521041256890314
3 0.40726445170733666 0.8812437774701924 0.021053475828604708 0.029139651781161204
28 0.9371102600605536 0.907955124936257 0.02205602229663348 0.03156795609625792
28 0.9431255388687264 0.7780408440785799 0.04010185872115187 0.041281173356645086
28 0.947636997974856 0.6371991938029673 0.03508912638100764 0.06556421650761285
28 0.9476369979748559 0.5115344454967096 0.03909931225312298 0.06435006435006435
28 0.9461331782728128 0.3354823826521939 0.04411204459326696 0.054636847089677254
28 0.9471357247408416 0.20496102571574268 0.03408657991297875 0.0679925208227095
0 0.4654121468530066 0.09629440761516232 0.063160427485814 0.05949345571987082
27 0.46591342008702097 0.15396663509871056 0.020050929360575814 0.026711347466064447
3 0.8995147675094739 0.9759476457589664 0.02305856876466213 0.019426434520774184
