3 0.04510782886068928 0.33869798463099904 0.03328479301019359 0.03020636991928858
28 0.24551002010956247 0.37615388333091687 0.05131405589071507 0.04470542748054708
29 0.49722626724915053 0.3393021120293848 0.0443797240135914 0.0338311343096032
30 0.5464600235767285 0.3393021120293848 0.0402191248873171 0.028998115122517
27 0.4535399764232717 0.5356435165047606 0.05131405589071491 0.05920448504180565
30 0.36755426114693845 0.9506790391957857 0.0402191248873171 0.07249528780629265
0 0.5152555301296721 0.6202213522787686 0.0859857152763331 0.08095307138369333
0 0.4549268427986964 0.24324585568604712 0.11233617640940285 0.07128703300952104
0 0.30999930656681224 0.2474747474747475 0.15810276679841903 0.0749117973998357
0 0.1574440052700923 0.2438499830844329 0.13313917204077386 0.07732830699337878
0 0.1629914707717912 0.06986129234933063 0.0859857152763331 0.05074670146440482
0 0.2995978087511269 0.06563240056063023 0.08182511615005897 0.04470542748054711
1 0.16160460439636642 0.06684065535740177 0.13313917204077386 0.07853656179015032
1 0.30791900700367525 0.06804891015417332 0.12343110741280082 0.08336958097723648
1 0.3134664725053742 0.15745976511526752 0.12343110741280082 0.07370354260306414
1 0.15467027251924276 0.15625151031849596 0.1248179737882256 0.0785365617901503
