1 0.09586946766433947 0.22933673102117802 0.060006470262880515 0.12669344505391678
1 0.5769648205545641 0.06953022646453307 0.06626801498596377 0.1209346520969205
1 0.5774866159481544 0.2185389942268101 0.06626801498596367 0.11373616090067523
0 0.5756603320705885 0.3574698743143438 0.05739749329492923 0.10365827322593184
0 0.4929557621865314 0.3574698743143438 0.06209365183724157 0.10077887674743374
0 0.6883681370860858 0.41433795476468144 0.046961585423123876 0.13965072920715818
0 0.09691305845152 0.3704271584675852 0.05478851632697788 0.08926129083344131
0 0.5725295597090468 0.07456917030190474 0.04278722227440178 0.08206279963719604
0 0.5756603320705885 0.3531507795965966 0.043830813061582256 0.07774370491944887
27 0.03273222503991736 0.5071984911962453 0.03182951900900619 0.0575879295699621
27 0.16005030107594212 0.5035992455981227 0.03600388215772832 0.061907024287709306
27 0.6387975746950105 0.5057587929569963 0.03443849597695748 0.05182913661296599
28 0.6416674493597571 0.588541441713817 0.030785928221825715 0.03599245598122635
28 0.4587781639063691 0.5676658172447057 0.03235131440259643 0.07774370491944887
30 0.2964997964997965 0.6382110309679092 0.03965644991286015 0.10077887674743374
