3 0.352994445786042 0.031938325991189474 0.023545037430572353 0.03760610293327604
3 0.3539000241487564 0.5940152573331902 0.015696691620381512 0.04700762866659511
3 0.7100941801497223 0.4758246481143226 0.015696691620381457 0.044321478457075326
3 0.7100941801497223 0.5906575695712906 0.016904129437333913 0.053723004190394365
1 0.7807292924414393 0.13334049640055876 0.06761651774933587 0.11416138390458795
1 0.7843516058922965 0.253545718276566 0.04588263704419214 0.09670140754270981
0 0.7786162762617724 0.377108627914473 0.08995411736295583 0.07521220586655201
30 0.3212992030910408 0.5926721822284302 0.03139338324076308 0.044321478457075326
27 0.7472228930210094 0.47783926077146244 0.028374788698382118 0.03223380251423658
30 0.7451098768413427 0.5953583324379499 0.030185945423810687 0.036263027828516245
16 0.7819367302583917 0.5933437197808102 0.031393383240763024 0.040292253142795664
