3 0.6991284348141872 0.15236584356462968 0.02905217286042859 0.05104152296868537
4 0.6740104103619418 0.5800110360049663 0.023604890449098352 0.03172851427783155
2 0.9100593148529235 0.5475927714167472 0.03449945527175883 0.0827700372465167
1 0.1943469313642416 0.3972272037522417 0.037525723278053515 0.06069802731411225
1 0.23035952063914783 0.3999862049937923 0.03570996247427672 0.05793902607256179
1 0.26576685631279506 0.3986067043730171 0.035104708873017774 0.060698027314112335
1 0.30238469918896016 0.3979169540626294 0.03692046967679457 0.06483652917643812
1 0.33839728846386635 0.39722720375224174 0.03389420167049996 0.06345702855566289
1 0.33869991526449583 0.31031866464339913 0.02723641205665172 0.052421023589460554
1 0.1943469313642416 0.7524486136018762 0.035104708873017774 0.05655952545178643
1 0.23035952063914783 0.7531383639122637 0.03570996247427672 0.0662160297972134
1 0.26637210991405397 0.7558973651538144 0.03389420167049992 0.06345702855566293
1 0.3020820723883307 0.7552076148434268 0.036315216075535624 0.06483652917643816
1 0.33779203486260745 0.7545178645330392 0.036315216075535665 0.05793902607256183
1 0.33718678126134854 0.6710580769761347 0.024210144050357107 0.053800524210235956
0 0.4073961990073841 0.4482687267209271 0.03510470887301781 0.05518002483101119
0 0.4073961990073841 0.8069388881224997 0.036315216075535624 0.05518002483101119
30 0.29905580438203605 0.5427645192440337 0.01815760803776785 0.028969513036280915
30 0.299661057983295 0.9000551800248312 0.021789129645321405 0.03724651676093265
30 0.4624742767219465 0.5413850186232584 0.026631158455392812 0.045523520485584223
30 0.45944800871565183 0.8972961787832806 0.019368115240285703 0.037246516760932484
27 0.408001452608643 0.5103462546558146 0.004842028810071407 0.033108014898606784
27 0.4067909454061252 0.8669471651262243 0.009684057620142888 0.020692509311629175
29 0.4240406730420046 0.5413850186232585 0.018762861639026795 0.03724651676093265
29 0.4234354194407457 0.9014346806456064 0.021183876044062497 0.03448751551938201
42 0.3353710204575717 0.5400055180024831 0.010894564822660702 0.037246516760932484
42 0.3356736472582012 0.8959166781625053 0.009078804018883944 0.03724651676093265
42 0.4004357825929064 0.5413850186232585 0.006657789613848203 0.028969513036280915
42 0.400133155792277 0.8979859290936681 0.0072630432151071095 0.033108014898606784
3 0.3435419440745673 0.5406952683128707 0.007868296816366093 0.024831011173955045
3 0.3441471976758262 0.8986756794040558 0.006657789613848203 0.023451510553179813
3 0.3925674857765403 0.5400055180024832 0.007868296816366093 0.020692509311629175
3 0.3937779929790583 0.8979859290936681 0.009078804018883906 0.02207200993240458
1 0.36654158092240646 0.4655124844806181 0.01997336884154461 0.042764519244033586
1 0.3674494613242949 0.8234928955718032 0.019368115240285626 0.033108014898606784
52 0.3677520881249243 0.5448337701751966 0.03934148408183031 0.10208304593737082
52 0.3683573417261833 0.8986756794040558 0.03813097687931242 0.09242654159194384
