1 0.263173114973669 0.08183129055515502 0.03044047365377006 0.06488824801730354
1 0.08874920093756664 0.18853640951694303 0.04322547258835348 0.07930785868781542
1 0.1316702687893824 0.19214131218457103 0.047487138899881265 0.06921413121845713
1 0.17550455085081126 0.18925739005046865 0.04383428206142887 0.08074981975486666
1 0.21903442817570243 0.19142033165104544 0.04322547258835345 0.07065609228550832
1 0.2619554960275182 0.19214131218457103 0.041399044169127264 0.08074981975486666
1 0.08935801041064204 0.636986301369863 0.04322547258835348 0.06777217015140596
1 0.1328878877355332 0.6391492429704397 0.042616663115278064 0.07498197548666197
1 0.17672216979696204 0.6391492429704397 0.042616663115278064 0.06921413121845704
1 0.22116526133146633 0.6434751261715933 0.041399044169127264 0.07498197548666197
1 0.2613466865544428 0.6398702235039654 0.042616663115278064 0.07930785868781534
0 0.34597120331192355 0.25702956020187456 0.0426166631152781 0.07209805335255942
0 0.34688441752153665 0.7033165104542176 0.04200785364220268 0.0706560922855082
1 0.29878846914858 0.279379956741168 0.023743569449940626 0.04181687094448452
1 0.2978752549389669 0.7256669069935111 0.021917141030714436 0.054794520547945126
4 0.622979513561231 0.4264599855803893 0.02313475997686524 0.03604902667627975
4 0.8059267602203889 0.815068493150685 0.016437855773035834 0.049026676279740285
30 0.21203311923533533 0.3695025234318673 0.028005235761468454 0.04614275414563806
30 0.40776536482907677 0.36878154289834175 0.029831664180694644 0.04181687094448452
30 0.40989619798484067 0.8208363374188897 0.029222854707619223 0.04325883201153567
30 0.21416395239109923 0.8179524152847872 0.03226690207299625 0.04614275414563782
27 0.3462756080484613 0.32984859408795963 0.009132142096131012 0.0273972602739726
27 0.34658001278499895 0.7768565248738284 0.008523332623055593 0.03893294881038214
29 0.36667072539648715 0.3745493871665465 0.028005235761468454 0.04181687094448452
29 0.36606191592341175 0.8237202595529922 0.02678761681531768 0.04325883201153567
42 0.2583026391890658 0.3658976207642394 0.013393808407658808 0.0447007930785869
42 0.26012906760829196 0.8179524152847872 0.014611427353809612 0.06344628695025259
42 0.33836108489848105 0.37094448449891854 0.009132142096131012 0.04325883201153567
42 0.3377522754254057 0.8179524152847872 0.009132142096131012 0.04325883201153567
3 0.2686524002313476 0.36806056236481616 0.008523332623055593 0.03172314347512614
3 0.32922894280235004 0.36878154289834175 0.007914523149980241 0.030281182408074987
3 0.2710876381236492 0.8143475126171592 0.008523332623055593 0.02162941600576768
3 0.32892453806581234 0.8193943763518384 0.008523332623055659 0.02883922134102399
52 0.2993972786216554 0.37094448449891854 0.044443091534504285 0.1124729632299928
52 0.2993972786216554 0.8193943763518384 0.046878329426805865 0.11247296322999256
1 0.2613466865544428 0.5288392213410238 0.03409333049222247 0.07930785868781534
