28 0.09597602971881014 0.3841328771444517 0.03615427027124747 0.05217053699255054
30 0.19765991485669349 0.927070442357623 0.04609669459584044 0.0630899517119216
27 0.2631895297233294 0.5388245856688748 0.030731129730560296 0.06308995171192154
29 0.29211294594032733 0.3368154133605105 0.03615427027124739 0.044890927179636546
30 0.32962300134674655 0.33924194996481527 0.0370581270280286 0.044890927179636546
0 0.3052188689136546 0.6267865375749193 0.0623661162179018 0.09584819587003471
0 0.07202382566410871 0.24642692485016135 0.07321239729927598 0.0655164883162262
0 0.16557299999096137 0.24460702239693285 0.09580881621880565 0.06915629322268323
0 0.2622856729665482 0.23854068088617117 0.07953939459674438 0.06915629322268323
1 0.07383153917767109 0.05897697216762517 0.08586639189421268 0.07886243963990197
1 0.16647685674774262 0.060796874620853675 0.0867702486509938 0.0800757079420543
1 0.06931225539376519 0.15118536313120284 0.08225096486708787 0.08128897624420664
1 0.1610537162070555 0.15664507049088838 0.08496253513743146 0.08007570794205429
0 0.06705261350181223 0.05958360631870133 0.06146225946112059 0.05338380529470288
0 0.16331335809900843 0.05958360631870134 0.05875068919077704 0.04853073208609353
