27 0.10625939197780598 0.11935702856034525 0.033233152236735584 0.029093730301120075
3 0.04629522598543513 0.1508752363865587 0.04334758987400292 0.03151820782621346
3 0.04123800716680147 0.2666440382097658 0.03034331291180199 0.018183581438200085
3 0.0448503063229684 0.4284779130097464 0.03756791122413585 0.026669252776026747
3 0.044127846491735005 0.5436405954516801 0.04190267021153625 0.031518207826213486
3 0.03834816784186794 0.6630461135625272 0.03323315223673572 0.025457014013480106
3 0.03834816784186794 0.917616253697328 0.03612299156166905 0.025457014013480106
27 0.28326205062998494 0.9133734180284147 0.06357646514853785 0.02909373030112009
27 0.49277540168766615 0.9164040149347813 0.06068662582360425 0.025457014013480106
28 0.7514160212692174 0.17330165349367213 0.034678071899202384 0.03757940163894678
28 0.7586406195815513 0.28967657469815256 0.052017107848803715 0.0545507443146002
28 0.7615304589064847 0.44363089754157975 0.052017107848803444 0.04000387916404015
28 0.7608079990752514 0.5703098482277069 0.047682348861403316 0.04606507297677353
28 0.7550283204253843 0.6836541725258206 0.047682348861403316 0.04727731173932023
27 0.916859322621662 0.892159239683848 0.02167379493700146 0.025457014013480106
0 0.9168593226216623 0.8279105852688744 0.11125881400994116 0.061824176889880164
0 0.11420645012137318 0.0654124036270184 0.10981389434747423 0.05939969936478687
0 0.3807941278464917 0.8479125248508945 0.11703849265980823 0.0509140280269601
1 0.38079412784649164 0.7769965572419143 0.1285978499595422 0.06909760946516023
