3 0.15680980390406737 0.4160465790490916 0.0365950534198523 0.042278701198299226
3 0.03363620946651547 0.5102676845767299 0.04016530253398433 0.030199072284499397
30 0.035421334023581434 0.7464244298415155 0.04909092531931412 0.08214147661383833
28 0.08986763301409352 0.09714437572477776 0.05801654810464406 0.06402203324313877
1 0.4910743772146702 0.08627270970235797 0.08568597873916652 0.09059721685349827
1 0.497322313164401 0.20344511016621578 0.0874711032962325 0.08334943950521842
0 0.4946446263288021 0.3049139930421338 0.08390085418210053 0.07851758793969847
0 0.33933878986406274 0.3103498260533437 0.08568597873916652 0.08697332817935832
0 0.49285950177173604 0.0790249323540781 0.06426448405437496 0.05677425589485891
0 0.7066281674803859 0.5706658291457286 0.07229754456117177 0.10750869733281798
28 0.6356694663370137 0.4190664862775416 0.04819836304078117 0.04348666408967915
28 0.28846273998768257 0.4534934286818709 0.05533886126904513 0.06885388480865866
27 0.6312066549443488 0.6346878623888674 0.057123985826111015 0.039862775415539384
