28 0.8654857673267327 0.25312985248447206 0.06574876237623763 0.044885481366459624
28 0.8751547029702971 0.38657317546583847 0.06188118811881188 0.042459239130434735
28 0.8799891707920792 0.47209821428571425 0.06768254950495049 0.05822981366459627
28 0.8770884900990099 0.5655085403726707 0.054146039603960396 0.05337732919254658
27 0.35980043316831684 0.7365586180124223 0.05994740099009901 0.024262422360248444
27 0.5802521658415841 0.7341323757763975 0.05607982673267327 0.02668866459627329
30 0.8200417698019802 0.9100349378881987 0.07541769801980198 0.0436723602484472
3 0.8103728341584159 0.7850834627329192 0.04447710396039604 0.0218361801242236
3 0.9486386138613861 0.7353454968944099 0.06188118811881188 0.0218361801242236
3 0.9583075495049506 0.13303086180124224 0.038675742574257425 0.030328027950310556
0 0.4709931930693069 0.6843944099378881 0.10442450495049505 0.0436723602484472
1 0.4729269801980198 0.6285908385093167 0.13923267326732675 0.04852484472049689
