0 0.3757226351565974 0.05024882194917871 0.035734705546026264 0.05064517549654291
0 0.2347690743917159 0.2671422909235038 0.04923448319674736 0.0396353547364249
0 0.37532558287275264 0.2742986744175805 0.03652881011371579 0.040736336812436665
0 0.47975033352391844 0.24126921213722644 0.05002858776443685 0.03413044435636586
0 0.6095864303411471 0.8699299775399656 0.0444698557906105 0.0407363368124368
0 0.8644939965694681 0.861672611969877 0.06194015627977907 0.03743339058440133
1 0.23715138809478434 0.15098868190425863 0.0508226923321263 0.047342229268507535
1 0.23953370179785274 0.20768925881886643 0.058763738009021016 0.0462412471924957
1 0.6076011689219235 0.8148808737393755 0.0627342608474684 0.045140265116484
3 0.4416333142748236 0.3111815739639759 0.015087986786100007 0.026423569824283233
3 0.4408392097071342 0.39981063108292597 0.011911568515342122 0.027524551900295065
3 0.4420303665586684 0.5319284802043422 0.014293882218410488 0.03192848020434227
3 0.44282447112635787 0.6299158849693927 0.022234927895305203 0.029726516052318665
3 0.445603837113271 0.7218478883163783 0.027793659869131553 0.028625533976306797
3 0.442427418842513 0.9216761351125202 0.010323359379963178 0.018716695292200665
27 0.557175528873642 0.9222266261505262 0.023823137030684147 0.022019641520236135
27 0.6600120703894288 0.9238780992645439 0.02620545073375261 0.023120623596247867
30 0.34832602757131054 0.9249790813405556 0.025411346166063185 0.025322587748271466
27 0.4753827584016263 0.28585898621570444 0.017470300489168374 0.017615713216188832
27 0.8672733625563813 0.9024089487823137 0.016676195921478853 0.013211784912141599
28 0.7882599580712787 0.3293477782181706 0.022234927895305203 0.029726516052318665
28 0.7842894352328313 0.42183027260316197 0.019058509624547512 0.027524551900295065
28 0.7854805920843656 0.5550491038005901 0.02302903246299482 0.025322587748271466
28 0.7866717489358998 0.6453296340335578 0.023823137030684245 0.023120623596247867
28 0.7862746966520551 0.7438675298366142 0.026205450733752512 0.022019641520236135
