1 0.49286580580723405 0.03875755909840571 0.03804903569475161 0.03738317757009345
1 0.5424088210347752 0.03985706432105552 0.04201247691295483 0.037383177570093455
1 0.4916767734417731 0.09043430456294665 0.03725634745111081 0.035184167124793844
1 0.5424088210347753 0.09208356239692138 0.037256347451111005 0.03628367234744366
1 0.6018604393078245 0.5725673446948872 0.03884172393839221 0.038482682792743264
1 0.6018604393078245 0.6275426058273775 0.03884172393839221 0.03628367234744353
1 0.2649679357605447 0.630841121495327 0.04676860637479881 0.04068169323804287
0 0.4916767734417731 0.13771302913688838 0.03884172393839241 0.030786146234194588
0 0.5432015092784158 0.1393622869708631 0.03567097096382979 0.036283672347443625
0 0.5935372127495976 0.1388125343595382 0.03963441218203282 0.03738317757009343
0 0.6145434512060751 0.3422210005497526 0.035670970963829596 0.04398020890599234
0 0.602256783429645 0.6786695986805935 0.04756129461843946 0.030786146234194588
0 0.5309148415019856 0.6753710830126441 0.03963441218203282 0.0373831775700934
0 0.2633825592732634 0.6814183617372183 0.04201247691295493 0.038482682792743264
0 0.6973793726665238 0.7979659153380977 0.03804903569475142 0.04068169323804287
3 0.45560945835612304 0.18938977460142928 0.020609894334657115 0.01759208356239693
3 0.45124967301609953 0.7248488180318855 0.015061076629172485 0.028587135788894984
3 0.39695052832671435 0.7693787795492026 0.02378064730921983 0.027487630566245112
27 0.21780298526392555 0.7286970863111598 0.02378064730921978 0.014293567894447492
27 0.31054750976988255 0.7264980758658603 0.02378064730921983 0.0186915887850467
30 0.6260374307388646 0.19048927982407912 0.01585376487281309 0.024189114898295776
29 0.6085982893787701 0.1882902693787795 0.017439141360094494 0.01759208356239693
28 0.5063415059491252 0.21083012644310056 0.01902451784737571 0.0186915887850467
28 0.4187494550268325 0.30758658603628364 0.0182318296037352 0.01869158878504673
28 0.41676773441773085 0.4208356239692138 0.019024517847375806 0.025288620120945578
28 0.4159750461740902 0.5027487630566244 0.017439141360094494 0.024189114898295776
28 0.4171640785395511 0.58521165475536 0.016646453116453793 0.02199010445299617
28 0.6636901223117959 0.7264980758658602 0.026158712040141745 0.020890599230346304
28 0.5035670970963829 0.7462891698735568 0.022987959065579124 0.029686641011544716
30 0.5614333388821511 0.4989004947773501 0.02457333555286034 0.03628367234744366
30 0.3957614959612534 0.8815283122594831 0.015061076629172485 0.03628367234744366
