30 0.05517146310945218 0.4381608303424193 0.04135473882891862 0.0679018333495004
3 0.11587809895446735 0.4363420312348434 0.014315101902317977 0.0472887767969735
28 0.13257905117383834 0.39935978271413336 0.01696604669904355 0.04850130953535752
3 0.19434606493754375 0.347827141332816 0.023858503170529975 0.030313318459598382
3 0.19143002566114567 0.6224658065767776 0.020147180455114214 0.021825589290910868
3 0.530485865162344 0.558201571442429 0.01749623565838864 0.03395091667475024
3 0.6558755540474626 0.3884469880686779 0.021207558373804364 0.03637598215151815
3 0.6993510487137616 0.3890532544378698 0.018026424617733735 0.03758851488990205
3 0.8957860581511251 0.387234455330294 0.019616991495769086 0.03395091667475028
3 0.941117214175132 0.38420312348433405 0.021207558373804437 0.035163449413134214
42 0.9424426865734947 0.6448976622368804 0.027039636926600528 0.061839169657580746
28 0.8910143575170191 0.10653312639441267 0.01643585773969853 0.04486371132020564
28 0.9389964583377517 0.11017072460956447 0.018026424617733735 0.0472887767969735
28 0.6940491591203105 0.1113832573479484 0.0169660466990434 0.0400135803666699
28 0.6426208300638347 0.10774565913279659 0.015905668780353367 0.037588514889902024
3 0.6423557355841623 0.0677320787661267 0.016435857739698457 0.02788825298283054
3 0.6916633088032575 0.07136967698127852 0.017496235658388717 0.013337860122223297
3 0.885712467923568 0.06894461150451064 0.019616991495769086 0.020613056552526918
3 0.9355502301020083 0.06894461150451064 0.013254723983627682 0.01576292559899117
42 0.9347549466629906 0.04045009215248813 0.02438869212987514 0.0363759821515181
42 0.6908680253642399 0.042268891260064036 0.020147180455114252 0.02788825298283054
28 0.6529595147710645 0.327820351149481 0.017496235658388717 0.043651178581821694
28 0.6990859542340889 0.328426617518673 0.017496235658388717 0.044863711320205626
28 0.897641719508833 0.33206421573382483 0.013784912942972847 0.0472887767969735
28 0.9413823086548045 0.3308516829954409 0.0185566135770789 0.044863711320205626
42 0.6953746315186732 0.6467164613444564 0.017496235658388568 0.03152585119798236
28 0.696700103917036 0.9013483364050828 0.01908680253642407 0.05577650596566102
0 0.6964350094373634 0.8346590357939664 0.0493075732190953 0.07760209525657197
42 0.5994104298772083 0.5915462217479872 0.01855661357707883 0.03516344941313413
27 0.600735902275571 0.7443253467843631 0.01590566878035329 0.05456397322727704
30 0.57157550951159 0.7425065476767873 0.013784912942972847 0.06305170239596455
34 0.4711047017156915 0.5151566592297993 0.036583038194812637 0.12974100300708113
30 0.30303480160329144 0.5545639732272772 0.031281148601361525 0.043651178581821735
3 0.2728140309206201 0.5594141041808128 0.011133968146247312 0.041226113105053856
28 0.26353572413208065 0.5236443883984868 0.016966046699043513 0.05213890775050925
28 0.25001590566878035 0.6115530119313222 0.03340190443874197 0.08002716073333976
0 0.26008949589633745 0.45634882141817834 0.052488706975165965 0.08245222621010771
6 0.25319703942485106 0.3769279270540305 0.030220770682671306 0.054563973227277206
28 0.21369796195364027 0.3156950237656417 0.025449070048565326 0.026675720244446616
0 0.12330074438529891 0.327820351149481 0.056730218649926833 0.0800271607333398
28 0.5546094628125464 0.5236443883984868 0.02332831421118488 0.0472887767969735
0 0.5580556910482897 0.4466485595111068 0.050367951137785555 0.08002716073333976
28 0.19143002566114567 0.6703608497429431 0.03181133756070662 0.056989038704045
0 0.5145801963819906 0.49393733630808034 0.04188492778826371 0.08972742264041125
