4 0.012437810945273691 0.47277676950998193 0.013616129876931133 0.06251260334744917
42 0.041503011259492066 0.6018350473885863 0.01832940560356114 0.05041338979632981
28 0.06899711966483377 0.7167775761242186 0.026184865147944488 0.07864488808227449
28 0.25936108929039015 0.7046783625730993 0.028803351662738907 0.10284331518451288
28 0.5471327572663001 0.5373059084492842 0.028279654359780058 0.09881024400080664
42 0.22977219167321292 0.6058681185722928 0.01990049751243781 0.038314176245210725
42 0.37797852841057866 0.5332728372655778 0.017805708300602248 0.07864488808227471
34 0.647158942131448 0.6522484371849162 0.029327048965697867 0.18753781004234735
34 0.6503011259492012 0.4263964508973584 0.029327048965697867 0.21173623714458556
0 0.6853888452474469 0.39413188142770716 0.029327048965697867 0.12300867110304498
0 0.6846032992930086 0.6240169388989716 0.03299293008641003 0.12300867110304498
3 0.7008379156847342 0.47378503730590843 0.014139827179890029 0.05242992538818312
0 0.45862791306624767 0.3527929017947167 0.04084838963079343 0.11695906432748543
0 0.5170201623461639 0.3417019560395241 0.04975124378109447 0.11494252873563218
1 0.45862791306624767 0.20961887477313976 0.04294317884262894 0.10485985077636624
1 0.5170201623461639 0.20155273240572696 0.04975124378109447 0.11695906432748532
1 0.4604608536266038 0.07047791893526925 0.04765645456925896 0.12099213551119171
1 0.5149253731343283 0.06644484775156285 0.04765645456925896 0.11292599314377892
0 0.4622937941869599 0.06140350877192985 0.03142183817753337 0.05847953216374266
0 0.5125687352710133 0.06543657995563625 0.028279654359780058 0.07461181689856826
38 0.4028541503011259 0.4616858237547892 0.02566116784498559 0.0766283524904214
30 0.3837391987431264 0.9073401895543455 0.018853102906520057 0.08469449485783424
28 0.35598324168630535 0.43446259326477116 0.01990049751243781 0.06251260334744911
0 0.3483896307934014 0.3386771526517443 0.05079863838701233 0.10889292196007264
