42 0.2467066649276118 0.5948509485094852 0.01826007564888482 0.08130081300813007
29 0.36591887309247423 0.7414387780241439 0.018781792095995828 0.08376447400837635
38 0.38678753097691404 0.7389751170238975 0.022955523672883765 0.09854644000985474
28 0.5114777618364419 0.8215077605321508 0.029216121038215727 0.12071938901207183
30 0.553475935828877 0.7365114560236513 0.030781270379548746 0.0985464400098546
3 0.6833833311595149 0.7192658290219267 0.013042911177774811 0.09854644000985474
28 0.2467066649276118 0.14769647696476965 0.02869440459110472 0.14781966001478197
1 0.4225251076040172 0.19696969696969696 0.04851962958132256 0.17245627001724562
1 0.4246119733924612 0.3903670854890367 0.04956306247554451 0.1404286770140429
0 0.4285248467457936 0.5578960335057896 0.05425851049954352 0.12564671101256467
0 0.4222642493804617 0.19573786646957378 0.03234641972088171 0.09115545700911562
0 0.3043563323333767 0.5517368810051737 0.04382418155732356 0.1330376940133038
28 0.30696491456893177 0.6897018970189702 0.01982522499021784 0.0985464400098546
