30 0.30459208597948223 0.44654763872816444 0.031265266243282866 0.028654874083870567
30 0.6025891548607719 0.5540034165426792 0.03191662595668464 0.03636964787568195
30 0.9289203712750367 0.7187689425249352 0.02279758996906048 0.0551055270843666
3 0.373961895456766 0.44324130710310244 0.020192151115453427 0.035267537333994535
3 0.4690604136134181 0.36554251391414555 0.025403028822667238 0.025348542458808618
3 0.469060413613418 0.6058026120019838 0.026705748249470786 0.027552763542183226
3 0.5635075720566682 0.5545544718135229 0.011073115127829396 0.03306331625061993
3 0.8764859143461976 0.5540034165426792 0.02475166910926555 0.031961205708932586
28 0.39057156814851 0.4123822119358572 0.01693535254844481 0.037471758417369216
28 0.5325679856700863 0.5942304513142668 0.00781631656082061 0.035267537333994535
28 0.5530858166422408 0.5209401002920593 0.011073115127829396 0.03857386895905656
28 0.4664549747598112 0.6482338678569459 0.012375834554632774 0.0396759795007439
28 0.49641752157629054 0.3324791976635256 0.02279758996906048 0.02534854245880858
28 0.9074255007327796 0.5209401002920592 0.013678553981436322 0.03636964787568195
0 0.3902458882918092 0.34901085578883567 0.05927373391955699 0.0672287430429272
0 0.5556912554958476 0.45922190995756873 0.06318189219996742 0.0628203008761779
0 0.8527112848070345 0.49448944729156336 0.04885197850512941 0.07824984845980053
0 0.9067741410193779 0.4597729652284124 0.05797101449275357 0.05290130600099184
37 0.8048363458720079 0.5187358792086846 0.03256798567008633 0.12013004904391904
38 0.9614883569451229 0.7149115556290294 0.020192151115453555 0.0628203008761779
42 0.9605113173750203 0.5815561800848624 0.018238071975248318 0.029756984625557908
