4 0.008756038647342996 0.28908188585607936 0.012681159420289856 0.0317066446098704
42 0.03834541062801933 0.3628342983181692 0.025966183574879228 0.03308519437551691
42 0.2267512077294686 0.362145023435346 0.021135265700483106 0.0317066446098704
42 0.376207729468599 0.31389578163771714 0.02053140096618354 0.028949545078577277
42 0.2928743961352657 0.8529087400055142 0.018115942028985466 0.03446374414116356
28 0.060386473429951695 0.4262475875379101 0.012077294685990335 0.046870692031982415
28 0.25 0.4276261373035567 0.013285024154589379 0.03308519437551691
28 0.2907608695652174 0.6502619244554728 0.017512077294685964 0.039977943203749734
28 0.34752415458937197 0.895643782740557 0.013888888888888944 0.0317066446098704
28 0.34661835748792275 0.2615108905431486 0.014492753623188385 0.03170664460987047
28 0.5407608695652174 0.3276812792941825 0.017512077294685964 0.03997794320374963
28 0.5392512077294686 0.9576785221946512 0.01811594202898553 0.045492142266335765
38 0.4236111111111111 0.9190791287565482 0.019927536231884098 0.03722084367245657
1 0.45501207729468596 0.04094292803970223 0.03804347826086957 0.062034739454094295
1 0.5078502415458936 0.04025365315687896 0.041062801932367145 0.06065618968844775
1 0.4547101449275362 0.12710228839261098 0.03743961352657006 0.06341328921974083
1 0.5081521739130435 0.12779156327543426 0.03804347826086957 0.059277639922801204
1 0.4556159420289855 0.670940170940171 0.039251207729468635 0.059277639922801134
1 0.4559178743961353 0.7591673559415495 0.041062801932367145 0.0647918389853873
0 0.3469202898550725 0.20843672456575682 0.036835748792270556 0.05514199062586157
0 0.45501207729468596 0.20430107526881716 0.03804347826086957 0.05238489109456849
0 0.5069444444444445 0.206368899917287 0.042874396135265655 0.05652054039150815
0 0.346316425120773 0.8377446925834022 0.03804347826086957 0.0537634408602151
0 0.456219806763285 0.8349875930521092 0.04649758454106279 0.05100634132892194
38 0.39613526570048313 0.2890818858560794 0.018115942028985466 0.039977943203749665
37 0.6479468599033816 0.2566859663633857 0.02415458937198062 0.09649848359525778
37 0.6476449275362318 0.39798731734215603 0.021135265700483106 0.10614833195478356
0 0.6796497584541064 0.23945409429280398 0.029589371980676397 0.07306313757926657
0 0.678743961352657 0.3773090708574579 0.03260869565217391 0.07030603804797363
3 0.6986714975845412 0.2952853598014888 0.014492753623188448 0.030328094844223892
3 0.6986714975845412 0.9177005789909015 0.013285024154589441 0.026192445547284227
30 0.5806159420289856 0.921146953405018 0.024758454106280126 0.027570995312930734
29 0.40217391304347827 0.9197684036393713 0.019323671497584533 0.027570995312930877
30 0.376207729468599 0.5427350427350428 0.01690821256038652 0.05376344086021496
