42 0.18332287796168512 0.018336433696518738 0.039810838199102506 0.02325272389051289
42 0.789533368720745 0.017229161130303837 0.053081117598803344 0.027681814155372478
42 0.8064228152294551 0.6168172557356718 0.045842783380784576 0.039861812383736366
42 0.19598996284321768 0.6157099831694568 0.048255561453457545 0.03100363185401722
3 0.06630314143705063 0.04214279387013908 0.027746947835738084 0.015501815927008592
3 0.18151329440718042 0.04214279387013908 0.038604449162765946 0.017716361059438395
3 0.6743232157506153 0.04546461156878377 0.04704917241712106 0.022145451324297988
3 0.794962119384259 0.04491097528567633 0.05187472856246678 0.01882363362565329
3 0.08620856053660189 0.3604836566569226 0.03619167109009312 0.029896359287802276
3 0.19659315736138594 0.3604836566569226 0.047049172417120984 0.02768181415537252
3 0.6912126622593254 0.3610372929400301 0.054287506635139905 0.0287890867215874
3 0.8046132316749506 0.35826911152449287 0.05187472856246678 0.032110904420232095
28 0.06509675240071418 0.07868278855523075 0.030159725908410984 0.04207635751616616
28 0.1827196834435169 0.0770218797059084 0.03860444916276609 0.04761272034724067
28 0.673720021232447 0.07979006112144565 0.03619167109009327 0.039861812383736366
28 0.791946146793418 0.07757551598901587 0.036191671090092976 0.04207635751616617
28 0.08620856053660185 0.2962618478164585 0.0313661149447474 0.04318363008238106
28 0.19538676832504953 0.2995836655151032 0.04222361627177534 0.03875453981752146
28 0.6936254403319982 0.29903002923199573 0.03498528205375671 0.04650544778102576
28 0.803406842638614 0.301798210647533 0.03981083819910236 0.047612720347240636
28 0.19598996284321768 0.8665072194171316 0.038604449162765946 0.04982726547967053
0 0.1953867683250495 0.796749047745593 0.11460695845196166 0.06754362653910895
